 64   9
 [ 1 ] [ 3 ] [ 5 ] [ 3 ] [ 3 ] [ 5 ] [ 5 ] [ 5 ] [ 3 ] [ 4 ] [ 6 ] [ 3 ] [ 3 ] [ 3 ] [ 3 ] [ 3 ] [ 3 ] [ 3 ] [ 3 ] [ 3 ] [ 3 ] [ 3 ] [ 3 ] [ 5 ] [ 3 ] [ 5 ] [ 5 ] [ 3 ] [ 4 ] [ 3 ] [ 5 ] [ 6 ] [ 2 ] [ 3 ] [ 3 ] [ 3 ] [ 3 ] [ 3 ] [ 3 ] [ 3 ] [ 6 ] [ 3 ] [ 5 ] [ 3 ] [ 6 ] [ 5 ] [ 3 ] [ 3 ] [ 3 ] [ 3 ] [ 2 ] [ 6 ] [ 3 ] [ 3 ] [ 3 ] [ 6 ] [ 6 ] [ 5 ] [ 3 ] [ 3 ] [ 3 ] [ 5 ] [ 3 ] [ 6 ]
 [ 3 ] [ 3 ] [ 5 ] [ 3 ] [ 3 ] [ 5 ] [ 5 ] [ 5 ] [ 3 ] [ 4 ] [ 6 ] [ 0 ] [ 3 ] [ 3 ] [ 3 ] [ 3 ] [ 3 ] [ 3 ] [ 3 ] [ 3 ] [ 3 ] [ 3 ] [ 3 ] [ 5 ] [ 3 ] [ 5 ] [ 5 ] [ 3 ] [ 4 ] [ 3 ] [ 5 ] [ 6 ] [ 2 ] [ 3 ] [ 3 ] [ 3 ] [ 3 ] [ 3 ] [ 3 ] [ 3 ] [ 6 ] [ 3 ] [ 5 ] [ 3 ] [ 6 ] [ 5 ] [ 3 ] [ 3 ] [ 3 ] [ 3 ] [ 2 ] [ 6 ] [ 3 ] [ 3 ] [ 3 ] [ 6 ] [ 6 ] [ 5 ] [ 3 ] [ 3 ] [ 3 ] [ 5 ] [ 3 ] [ 6 ]
 [ 1 ] [ 3 ] [ 5 ] [ 3 ] [ 3 ] [ 5 ] [ 5 ] [ 5 ] [ 3 ] [ 4 ] [ 6 ] [ 0 ] [ 3 ] [ 3 ] [ 3 ] [ 3 ] [ 3 ] [ 3 ] [ 3 ] [ 3 ] [ 3 ] [ 3 ] [ 3 ] [ 5 ] [ 3 ] [ 5 ] [ 5 ] [ 3 ] [ 4 ] [ 3 ] [ 5 ] [ 6 ] [ 3 ] [ 3 ] [ 3 ] [ 3 ] [ 3 ] [ 3 ] [ 3 ] [ 3 ] [ 6 ] [ 3 ] [ 5 ] [ 3 ] [ 6 ] [ 5 ] [ 3 ] [ 3 ] [ 3 ] [ 3 ] [ 3 ] [ 6 ] [ 3 ] [ 3 ] [ 3 ] [ 6 ] [ 6 ] [ 5 ] [ 3 ] [ 3 ] [ 3 ] [ 5 ] [ 3 ] [ 6 ]
 [ 1 ] [ -1 ] [ -1 ] [ -1 ] [ -1 ] [ -1 ] [ -1 ] [ -1 ] [ -1 ] [ 4 ] [ -1 ] [ 0 ] [ -1 ] [ -1 ] [ -1 ] [ -1 ] [ -1 ] [ -1 ] [ -1 ] [ -1 ] [ -1 ] [ -1 ] [ -1 ] [ -1 ] [ -1 ] [ -1 ] [ -1 ] [ -1 ] [ 4 ] [ -1 ] [ -1 ] [ -1 ] [ 2 ] [ -1 ] [ -1 ] [ -1 ] [ -1 ] [ -1 ] [ -1 ] [ -1 ] [ -1 ] [ -1 ] [ -1 ] [ -1 ] [ -1 ] [ -1 ] [ -1 ] [ -1 ] [ -1 ] [ -1 ] [ 2 ] [ -1 ] [ -1 ] [ -1 ] [ -1 ] [ -1 ] [ -1 ] [ -1 ] [ -1 ] [ -1 ] [ -1 ] [ -1 ] [ -1 ] [ -1 ]
 [ 1 ] [ 3 ] [ 5 ] [ 3 ] [ 3 ] [ 5 ] [ 5 ] [ 5 ] [ 3 ] [ 3 ] [ 6 ] [ 0 ] [ 3 ] [ 3 ] [ 3 ] [ 3 ] [ 3 ] [ 3 ] [ 3 ] [ 3 ] [ 3 ] [ 3 ] [ 3 ] [ 5 ] [ 3 ] [ 5 ] [ 5 ] [ 3 ] [ 3 ] [ 3 ] [ 5 ] [ 6 ] [ 2 ] [ 3 ] [ 3 ] [ 3 ] [ 3 ] [ 3 ] [ 3 ] [ 3 ] [ 6 ] [ 3 ] [ 5 ] [ 3 ] [ 6 ] [ 5 ] [ 3 ] [ 3 ] [ 3 ] [ 3 ] [ 2 ] [ 6 ] [ 3 ] [ 3 ] [ 3 ] [ 6 ] [ 6 ] [ 5 ] [ 3 ] [ 3 ] [ 3 ] [ 5 ] [ 3 ] [ 6 ]
 [ 1 ] [ -1 ] [ -1 ] [ -1 ] [ -1 ] [ -1 ] [ -1 ] [ -1 ] [ -1 ] [ 4 ] [ -1 ] [ 0 ] [ -1 ] [ -1 ] [ -1 ] [ -1 ] [ -1 ] [ -1 ] [ -1 ] [ -1 ] [ -1 ] [ -1 ] [ -1 ] [ -1 ] [ -1 ] [ -1 ] [ -1 ] [ -1 ] [ 4 ] [ -1 ] [ -1 ] [ -1 ] [ 2 ] [ -1 ] [ -1 ] [ -1 ] [ -1 ] [ -1 ] [ -1 ] [ -1 ] [ -1 ] [ -1 ] [ -1 ] [ -1 ] [ -1 ] [ -1 ] [ -1 ] [ -1 ] [ -1 ] [ -1 ] [ 2 ] [ -1 ] [ -1 ] [ -1 ] [ -1 ] [ -1 ] [ -1 ] [ -1 ] [ -1 ] [ -1 ] [ -1 ] [ -1 ] [ -1 ] [ -1 ]
 [ 1 ] [ -1 ] [ -1 ] [ -1 ] [ -1 ] [ -1 ] [ -1 ] [ -1 ] [ -1 ] [ 4 ] [ -1 ] [ 0 ] [ -1 ] [ -1 ] [ -1 ] [ -1 ] [ -1 ] [ -1 ] [ -1 ] [ -1 ] [ -1 ] [ -1 ] [ -1 ] [ -1 ] [ -1 ] [ -1 ] [ -1 ] [ -1 ] [ 4 ] [ -1 ] [ -1 ] [ -1 ] [ 2 ] [ -1 ] [ -1 ] [ -1 ] [ -1 ] [ -1 ] [ -1 ] [ -1 ] [ -1 ] [ -1 ] [ -1 ] [ -1 ] [ -1 ] [ -1 ] [ -1 ] [ -1 ] [ -1 ] [ -1 ] [ 2 ] [ -1 ] [ -1 ] [ -1 ] [ -1 ] [ -1 ] [ -1 ] [ -1 ] [ -1 ] [ -1 ] [ -1 ] [ -1 ] [ -1 ] [ -1 ]
 [ -1 ] [ -1 ] [ -1 ] [ -1 ] [ -1 ] [ -1 ] [ -1 ] [ -1 ] [ -1 ] [ -1 ] [ -1 ] [ 0 ] [ -1 ] [ -1 ] [ -1 ] [ -1 ] [ -1 ] [ -1 ] [ -1 ] [ -1 ] [ -1 ] [ -1 ] [ -1 ] [ -1 ] [ -1 ] [ -1 ] [ -1 ] [ -1 ] [ -1 ] [ -1 ] [ -1 ] [ -1 ] [ -1 ] [ -1 ] [ -1 ] [ -1 ] [ -1 ] [ -1 ] [ -1 ] [ -1 ] [ -1 ] [ -1 ] [ -1 ] [ -1 ] [ -1 ] [ -1 ] [ -1 ] [ -1 ] [ -1 ] [ -1 ] [ -1 ] [ -1 ] [ -1 ] [ -1 ] [ -1 ] [ -1 ] [ -1 ] [ -1 ] [ -1 ] [ -1 ] [ -1 ] [ -1 ] [ -1 ] [ -1 ]
 [ -1 ] [ -1 ] [ -1 ] [ -1 ] [ -1 ] [ -1 ] [ -1 ] [ -1 ] [ -1 ] [ -1 ] [ -1 ] [ 0 ] [ -1 ] [ -1 ] [ -1 ] [ -1 ] [ -1 ] [ -1 ] [ -1 ] [ -1 ] [ -1 ] [ -1 ] [ -1 ] [ -1 ] [ -1 ] [ -1 ] [ -1 ] [ -1 ] [ -1 ] [ -1 ] [ -1 ] [ -1 ] [ -1 ] [ -1 ] [ -1 ] [ -1 ] [ -1 ] [ -1 ] [ -1 ] [ -1 ] [ -1 ] [ -1 ] [ -1 ] [ -1 ] [ -1 ] [ -1 ] [ -1 ] [ -1 ] [ -1 ] [ -1 ] [ -1 ] [ -1 ] [ -1 ] [ -1 ] [ -1 ] [ -1 ] [ -1 ] [ -1 ] [ -1 ] [ -1 ] [ -1 ] [ -1 ] [ -1 ] [ -1 ]
 [ -1 ] [ -1 ] [ -1 ] [ -1 ] [ -1 ] [ -1 ] [ -1 ] [ -1 ] [ -1 ] [ -1 ] [ -1 ] [ 0 ] [ -1 ] [ -1 ] [ -1 ] [ -1 ] [ -1 ] [ -1 ] [ -1 ] [ -1 ] [ -1 ] [ -1 ] [ -1 ] [ -1 ] [ -1 ] [ -1 ] [ -1 ] [ -1 ] [ -1 ] [ -1 ] [ -1 ] [ -1 ] [ -1 ] [ -1 ] [ -1 ] [ -1 ] [ -1 ] [ -1 ] [ -1 ] [ -1 ] [ -1 ] [ -1 ] [ -1 ] [ -1 ] [ -1 ] [ -1 ] [ -1 ] [ -1 ] [ -1 ] [ -1 ] [ -1 ] [ -1 ] [ -1 ] [ -1 ] [ -1 ] [ -1 ] [ -1 ] [ -1 ] [ -1 ] [ -1 ] [ -1 ] [ -1 ] [ -1 ] [ -1 ]
