Forbidden  Turns
(6,60,39),0
(6,60,40),0
(6,60,10),0
(6,60,48),0
(6,60,58),0
(6,60,27),0
(39,60,40),0
(39,60,10),0
(39,60,48),0
(39,60,58),0
(39,60,27),0
(40,60,10),0
(40,60,48),0
(40,60,58),0
(40,60,27),0
(10,60,48),0
(10,60,58),0
(10,60,27),0
(48,60,58),0
(48,60,27),0
(58,60,27),0
(2,46,4),1
(2,46,6),1
(2,46,12),1
(2,46,45),1
(2,46,48),1
(2,46,18),1
(2,46,54),1
(2,46,30),1
(4,46,6),1
(4,46,12),1
(4,46,45),1
(4,46,48),1
(4,46,18),1
(4,46,54),1
(4,46,30),1
(6,46,12),1
(6,46,45),1
(6,46,48),1
(6,46,18),1
(6,46,54),1
(6,46,30),1
(12,46,45),1
(12,46,48),1
(12,46,18),1
(12,46,54),1
(12,46,30),1
(45,46,48),1
(45,46,18),1
(45,46,54),1
(45,46,30),1
(48,46,18),1
(48,46,54),1
(48,46,30),1
(18,46,54),1
(18,46,30),1
(54,46,30),1
(37,2,7),2
(37,2,9),2
(37,2,44),2
(37,2,15),2
(37,2,16),2
(37,2,53),2
(37,2,27),2
(37,2,63),2
(7,2,9),2
(7,2,44),2
(7,2,15),2
(7,2,16),2
(7,2,53),2
(7,2,27),2
(7,2,63),2
(9,2,44),2
(9,2,15),2
(9,2,16),2
(9,2,53),2
(9,2,27),2
(9,2,63),2
(44,2,15),2
(44,2,16),2
(44,2,53),2
(44,2,27),2
(44,2,63),2
(15,2,16),2
(15,2,53),2
(15,2,27),2
(15,2,63),2
(16,2,53),2
(16,2,27),2
(16,2,63),2
(53,2,27),2
(53,2,63),2
(27,2,63),2
(37,52,7),3
(37,52,42),3
(37,52,47),3
(37,52,20),3
(37,52,21),3
(37,52,56),3
(37,52,27),3
(37,52,62),3
(7,52,42),3
(7,52,47),3
(7,52,20),3
(7,52,21),3
(7,52,56),3
(7,52,27),3
(7,52,62),3
(42,52,47),3
(42,52,20),3
(42,52,21),3
(42,52,56),3
(42,52,27),3
(42,52,62),3
(47,52,20),3
(47,52,21),3
(47,52,56),3
(47,52,27),3
(47,52,62),3
(20,52,21),3
(20,52,56),3
(20,52,27),3
(20,52,62),3
(21,52,56),3
(21,52,27),3
(21,52,62),3
(56,52,27),3
(56,52,62),3
(27,52,62),3
(38,47,41),4
(38,47,23),4
(38,47,45),4
(38,47,50),4
(38,47,55),4
(38,47,58),4
(38,47,61),4
(38,47,30),4
(41,47,23),4
(41,47,45),4
(41,47,50),4
(41,47,55),4
(41,47,58),4
(41,47,61),4
(41,47,30),4
(23,47,45),4
(23,47,50),4
(23,47,55),4
(23,47,58),4
(23,47,61),4
(23,47,30),4
(45,47,50),4
(45,47,55),4
(45,47,58),4
(45,47,61),4
(45,47,30),4
(50,47,55),4
(50,47,58),4
(50,47,61),4
(50,47,30),4
(55,47,58),4
(55,47,61),4
(55,47,30),4
(58,47,61),4
(58,47,30),4
(61,47,30),4
(32,23,3),5
(32,23,36),5
(32,23,12),5
(32,23,55),5
(32,23,25),5
(32,23,26),5
(32,23,28),5
(32,23,4),5
(3,23,36),5
(3,23,12),5
(3,23,55),5
(3,23,25),5
(3,23,26),5
(3,23,28),5
(3,23,4),5
(36,23,12),5
(36,23,55),5
(36,23,25),5
(36,23,26),5
(36,23,28),5
(36,23,4),5
(12,23,55),5
(12,23,25),5
(12,23,26),5
(12,23,28),5
(12,23,4),5
(55,23,25),5
(55,23,26),5
(55,23,28),5
(55,23,4),5
(25,23,26),5
(25,23,28),5
(25,23,4),5
(26,23,28),5
(26,23,4),5
(28,23,4),5
(35,30,5),6
(35,30,41),6
(35,30,14),6
(35,30,17),6
(35,30,19),6
(35,30,55),6
(35,30,62),6
(35,30,31),6
(5,30,41),6
(5,30,14),6
(5,30,17),6
(5,30,19),6
(5,30,55),6
(5,30,62),6
(5,30,31),6
(41,30,14),6
(41,30,17),6
(41,30,19),6
(41,30,55),6
(41,30,62),6
(41,30,31),6
(14,30,17),6
(14,30,19),6
(14,30,55),6
(14,30,62),6
(14,30,31),6
(17,30,19),6
(17,30,55),6
(17,30,62),6
(17,30,31),6
(19,30,55),6
(19,30,62),6
(19,30,31),6
(55,30,62),6
(55,30,31),6
(62,30,31),6
(0,38,32),7
(0,38,4),7
(0,38,11),7
(0,38,48),7
(0,38,18),7
(0,38,51),7
(0,38,56),7
(0,38,31),7
(32,38,4),7
(32,38,11),7
(32,38,48),7
(32,38,18),7
(32,38,51),7
(32,38,56),7
(32,38,31),7
(4,38,11),7
(4,38,48),7
(4,38,18),7
(4,38,51),7
(4,38,56),7
(4,38,31),7
(11,38,48),7
(11,38,18),7
(11,38,51),7
(11,38,56),7
(11,38,31),7
(48,38,18),7
(48,38,51),7
(48,38,56),7
(48,38,31),7
(18,38,51),7
(18,38,56),7
(18,38,31),7
(51,38,56),7
(51,38,31),7
(56,38,31),7
(0,7,1),8
(0,7,4),8
(0,7,37),8
(0,7,49),8
(0,7,13),8
(0,7,17),8
(0,7,55),8
(0,7,25),8
(0,7,61),8
(1,7,4),8
(1,7,37),8
(1,7,49),8
(1,7,13),8
(1,7,17),8
(1,7,55),8
(1,7,25),8
(1,7,61),8
(4,7,37),8
(4,7,49),8
(4,7,13),8
(4,7,17),8
(4,7,55),8
(4,7,25),8
(4,7,61),8
(37,7,49),8
(37,7,13),8
(37,7,17),8
(37,7,55),8
(37,7,25),8
(37,7,61),8
(49,7,13),8
(49,7,17),8
(49,7,55),8
(49,7,25),8
(49,7,61),8
(13,7,17),8
(13,7,55),8
(13,7,25),8
(13,7,61),8
(17,7,55),8
(17,7,25),8
(17,7,61),8
(55,7,25),8
(55,7,61),8
(25,7,61),8
(32,61,1),9
(32,61,37),9
(32,61,0),9
(32,61,39),9
(32,61,41),9
(32,61,11),9
(32,61,15),9
(32,61,26),9
(1,61,37),9
(1,61,0),9
(1,61,39),9
(1,61,41),9
(1,61,11),9
(1,61,15),9
(1,61,26),9
(37,61,0),9
(37,61,39),9
(37,61,41),9
(37,61,11),9
(37,61,15),9
(37,61,26),9
(0,61,39),9
(0,61,41),9
(0,61,11),9
(0,61,15),9
(0,61,26),9
(39,61,41),9
(39,61,11),9
(39,61,15),9
(39,61,26),9
(41,61,11),9
(41,61,15),9
(41,61,26),9
(11,61,15),9
(11,61,26),9
(15,61,26),9
(22,31,8),10
(22,31,43),10
(22,31,13),10
(22,31,14),10
(22,31,16),10
(22,31,54),10
(22,31,58),10
(22,31,27),10
(22,31,37),10
(8,31,43),10
(8,31,13),10
(8,31,14),10
(8,31,16),10
(8,31,54),10
(8,31,58),10
(8,31,27),10
(8,31,37),10
(43,31,13),10
(43,31,14),10
(43,31,16),10
(43,31,54),10
(43,31,58),10
(43,31,27),10
(43,31,37),10
(13,31,14),10
(13,31,16),10
(13,31,54),10
(13,31,58),10
(13,31,27),10
(13,31,37),10
(14,31,16),10
(14,31,54),10
(14,31,58),10
(14,31,27),10
(14,31,37),10
(16,31,54),10
(16,31,58),10
(16,31,27),10
(16,31,37),10
(54,31,58),10
(54,31,27),10
(54,31,37),10
(58,31,27),10
(58,31,37),10
(27,31,37),10
(34,14,40),11
(34,14,10),11
(34,14,43),11
(34,14,44),11
(34,14,45),11
(34,14,13),11
(34,14,17),11
(34,14,20),11
(34,14,59),11
(40,14,10),11
(40,14,43),11
(40,14,44),11
(40,14,45),11
(40,14,13),11
(40,14,17),11
(40,14,20),11
(40,14,59),11
(10,14,43),11
(10,14,44),11
(10,14,45),11
(10,14,13),11
(10,14,17),11
(10,14,20),11
(10,14,59),11
(43,14,44),11
(43,14,45),11
(43,14,13),11
(43,14,17),11
(43,14,20),11
(43,14,59),11
(44,14,45),11
(44,14,13),11
(44,14,17),11
(44,14,20),11
(44,14,59),11
(45,14,13),11
(45,14,17),11
(45,14,20),11
(45,14,59),11
(13,14,17),11
(13,14,20),11
(13,14,59),11
(17,14,20),11
(17,14,59),11
(20,14,59),11
(32,40,33),12
(32,40,11),12
(32,40,39),12
(32,40,9),12
(32,40,43),12
(32,40,18),12
(32,40,26),12
(32,40,62),12
(33,40,11),12
(33,40,39),12
(33,40,9),12
(33,40,43),12
(33,40,18),12
(33,40,26),12
(33,40,62),12
(11,40,39),12
(11,40,9),12
(11,40,43),12
(11,40,18),12
(11,40,26),12
(11,40,62),12
(39,40,9),12
(39,40,43),12
(39,40,18),12
(39,40,26),12
(39,40,62),12
(9,40,43),12
(9,40,18),12
(9,40,26),12
(9,40,62),12
(43,40,18),12
(43,40,26),12
(43,40,62),12
(18,40,26),12
(18,40,62),12
(26,40,62),12
(0,43,1),13
(0,43,11),13
(0,43,44),13
(0,43,18),13
(0,43,50),13
(0,43,22),13
(0,43,29),13
(1,43,11),13
(1,43,44),13
(1,43,18),13
(1,43,50),13
(1,43,22),13
(1,43,29),13
(11,43,44),13
(11,43,18),13
(11,43,50),13
(11,43,22),13
(11,43,29),13
(44,43,18),13
(44,43,50),13
(44,43,22),13
(44,43,29),13
(18,43,50),13
(18,43,22),13
(18,43,29),13
(50,43,22),13
(50,43,29),13
(22,43,29),13
(35,0,9),14
(35,0,11),14
(35,0,48),14
(35,0,49),14
(35,0,51),14
(35,0,24),14
(35,0,58),14
(35,0,27),14
(35,0,29),14
(9,0,11),14
(9,0,48),14
(9,0,49),14
(9,0,51),14
(9,0,24),14
(9,0,58),14
(9,0,27),14
(9,0,29),14
(11,0,48),14
(11,0,49),14
(11,0,51),14
(11,0,24),14
(11,0,58),14
(11,0,27),14
(11,0,29),14
(48,0,49),14
(48,0,51),14
(48,0,24),14
(48,0,58),14
(48,0,27),14
(48,0,29),14
(49,0,51),14
(49,0,24),14
(49,0,58),14
(49,0,27),14
(49,0,29),14
(51,0,24),14
(51,0,58),14
(51,0,27),14
(51,0,29),14
(24,0,58),14
(24,0,27),14
(24,0,29),14
(58,0,27),14
(58,0,29),14
(27,0,29),14
(10,27,13),15
(10,27,45),15
(10,27,16),15
(10,27,17),15
(10,27,50),15
(10,27,26),15
(10,27,58),15
(10,27,62),15
(13,27,45),15
(13,27,16),15
(13,27,17),15
(13,27,50),15
(13,27,26),15
(13,27,58),15
(13,27,62),15
(45,27,16),15
(45,27,17),15
(45,27,50),15
(45,27,26),15
(45,27,58),15
(45,27,62),15
(16,27,17),15
(16,27,50),15
(16,27,26),15
(16,27,58),15
(16,27,62),15
(17,27,50),15
(17,27,26),15
(17,27,58),15
(17,27,62),15
(50,27,26),15
(50,27,58),15
(50,27,62),15
(26,27,58),15
(26,27,62),15
(58,27,62),15
(34,11,3),16
(34,11,39),16
(34,11,42),16
(34,11,13),16
(34,11,48),16
(34,11,22),16
(34,11,24),16
(34,11,57),16
(34,11,26),16
(3,11,39),16
(3,11,42),16
(3,11,13),16
(3,11,48),16
(3,11,22),16
(3,11,24),16
(3,11,57),16
(3,11,26),16
(39,11,42),16
(39,11,13),16
(39,11,48),16
(39,11,22),16
(39,11,24),16
(39,11,57),16
(39,11,26),16
(42,11,13),16
(42,11,48),16
(42,11,22),16
(42,11,24),16
(42,11,57),16
(42,11,26),16
(13,11,48),16
(13,11,22),16
(13,11,24),16
(13,11,57),16
(13,11,26),16
(48,11,22),16
(48,11,24),16
(48,11,57),16
(48,11,26),16
(22,11,24),16
(22,11,57),16
(22,11,26),16
(24,11,57),16
(24,11,26),16
(57,11,26),16
(34,17,36),17
(34,17,5),17
(34,17,10),17
(34,17,51),17
(34,17,25),17
(34,17,57),17
(34,17,26),17
(34,17,28),17
(34,17,29),17
(36,17,5),17
(36,17,10),17
(36,17,51),17
(36,17,25),17
(36,17,57),17
(36,17,26),17
(36,17,28),17
(36,17,29),17
(5,17,10),17
(5,17,51),17
(5,17,25),17
(5,17,57),17
(5,17,26),17
(5,17,28),17
(5,17,29),17
(10,17,51),17
(10,17,25),17
(10,17,57),17
(10,17,26),17
(10,17,28),17
(10,17,29),17
(51,17,25),17
(51,17,57),17
(51,17,26),17
(51,17,28),17
(51,17,29),17
(25,17,57),17
(25,17,26),17
(25,17,28),17
(25,17,29),17
(57,17,26),17
(57,17,28),17
(57,17,29),17
(26,17,28),17
(26,17,29),17
(28,17,29),17
(37,51,6),18
(37,51,42),18
(37,51,44),18
(37,51,21),18
(37,51,55),18
(37,51,58),18
(37,51,28),18
(37,51,53),18
(6,51,42),18
(6,51,44),18
(6,51,21),18
(6,51,55),18
(6,51,58),18
(6,51,28),18
(6,51,53),18
(42,51,44),18
(42,51,21),18
(42,51,55),18
(42,51,58),18
(42,51,28),18
(42,51,53),18
(44,51,21),18
(44,51,55),18
(44,51,58),18
(44,51,28),18
(44,51,53),18
(21,51,55),18
(21,51,58),18
(21,51,28),18
(21,51,53),18
(55,51,58),18
(55,51,28),18
(55,51,53),18
(58,51,28),18
(58,51,53),18
(28,51,53),18
(42,37,55),19
(42,37,29),19
(42,37,26),19
(42,37,25),19
(42,37,57),19
(42,37,58),19
(42,37,10),19
(42,37,62),19
(55,37,29),19
(55,37,26),19
(55,37,25),19
(55,37,57),19
(55,37,58),19
(55,37,10),19
(55,37,62),19
(29,37,26),19
(29,37,25),19
(29,37,57),19
(29,37,58),19
(29,37,10),19
(29,37,62),19
(26,37,25),19
(26,37,57),19
(26,37,58),19
(26,37,10),19
(26,37,62),19
(25,37,57),19
(25,37,58),19
(25,37,10),19
(25,37,62),19
(57,37,58),19
(57,37,10),19
(57,37,62),19
(58,37,10),19
(58,37,62),19
(10,37,62),19
(36,26,6),20
(36,26,8),20
(36,26,12),20
(36,26,13),20
(36,26,15),20
(36,26,20),20
(36,26,21),20
(36,26,59),20
(6,26,8),20
(6,26,12),20
(6,26,13),20
(6,26,15),20
(6,26,20),20
(6,26,21),20
(6,26,59),20
(8,26,12),20
(8,26,13),20
(8,26,15),20
(8,26,20),20
(8,26,21),20
(8,26,59),20
(12,26,13),20
(12,26,15),20
(12,26,20),20
(12,26,21),20
(12,26,59),20
(13,26,15),20
(13,26,20),20
(13,26,21),20
(13,26,59),20
(15,26,20),20
(15,26,21),20
(15,26,59),20
(20,26,21),20
(20,26,59),20
(21,26,59),20
(32,44,1),21
(32,44,34),21
(32,44,35),21
(32,44,8),21
(32,44,41),21
(32,44,12),21
(32,44,16),21
(32,44,21),21
(1,44,34),21
(1,44,35),21
(1,44,8),21
(1,44,41),21
(1,44,12),21
(1,44,16),21
(1,44,21),21
(34,44,35),21
(34,44,8),21
(34,44,41),21
(34,44,12),21
(34,44,16),21
(34,44,21),21
(35,44,8),21
(35,44,41),21
(35,44,12),21
(35,44,16),21
(35,44,21),21
(8,44,41),21
(8,44,12),21
(8,44,16),21
(8,44,21),21
(41,44,12),21
(41,44,16),21
(41,44,21),21
(12,44,16),21
(12,44,21),21
(16,44,21),21
(35,41,5),22
(35,41,6),22
(35,41,39),22
(35,41,48),22
(35,41,20),22
(35,41,24),22
(35,41,57),22
(35,41,28),22
(5,41,6),22
(5,41,39),22
(5,41,48),22
(5,41,20),22
(5,41,24),22
(5,41,57),22
(5,41,28),22
(6,41,39),22
(6,41,48),22
(6,41,20),22
(6,41,24),22
(6,41,57),22
(6,41,28),22
(39,41,48),22
(39,41,20),22
(39,41,24),22
(39,41,57),22
(39,41,28),22
(48,41,20),22
(48,41,24),22
(48,41,57),22
(48,41,28),22
(20,41,24),22
(20,41,57),22
(20,41,28),22
(24,41,57),22
(24,41,28),22
(57,41,28),22
(1,39,3),23
(1,39,5),23
(1,39,8),23
(1,39,9),23
(1,39,16),23
(1,39,50),23
(1,39,56),23
(1,39,63),23
(3,39,5),23
(3,39,8),23
(3,39,9),23
(3,39,16),23
(3,39,50),23
(3,39,56),23
(3,39,63),23
(5,39,8),23
(5,39,9),23
(5,39,16),23
(5,39,50),23
(5,39,56),23
(5,39,63),23
(8,39,9),23
(8,39,16),23
(8,39,50),23
(8,39,56),23
(8,39,63),23
(9,39,16),23
(9,39,50),23
(9,39,56),23
(9,39,63),23
(16,39,50),23
(16,39,56),23
(16,39,63),23
(50,39,56),23
(50,39,63),23
(56,39,63),23
(1,5,34),24
(1,5,3),24
(1,5,20),24
(1,5,54),24
(1,5,55),24
(1,5,24),24
(1,5,25),24
(1,5,28),24
(34,5,3),24
(34,5,20),24
(34,5,54),24
(34,5,55),24
(34,5,24),24
(34,5,25),24
(34,5,28),24
(3,5,20),24
(3,5,54),24
(3,5,55),24
(3,5,24),24
(3,5,25),24
(3,5,28),24
(20,5,54),24
(20,5,55),24
(20,5,24),24
(20,5,25),24
(20,5,28),24
(54,5,55),24
(54,5,24),24
(54,5,25),24
(54,5,28),24
(55,5,24),24
(55,5,25),24
(55,5,28),24
(24,5,25),24
(24,5,28),24
(25,5,28),24
(4,55,54),25
(4,55,10),25
(4,55,13),25
(4,55,49),25
(4,55,19),25
(4,55,20),25
(4,55,22),25
(4,55,36),25
(54,55,10),25
(54,55,13),25
(54,55,49),25
(54,55,19),25
(54,55,20),25
(54,55,22),25
(54,55,36),25
(10,55,13),25
(10,55,49),25
(10,55,19),25
(10,55,20),25
(10,55,22),25
(10,55,36),25
(13,55,49),25
(13,55,19),25
(13,55,20),25
(13,55,22),25
(13,55,36),25
(49,55,19),25
(49,55,20),25
(49,55,22),25
(49,55,36),25
(19,55,20),25
(19,55,22),25
(19,55,36),25
(20,55,22),25
(20,55,36),25
(22,55,36),25
(10,13,15),26
(10,13,48),26
(10,13,18),26
(10,13,19),26
(10,13,20),26
(10,13,22),26
(10,13,25),26
(10,13,57),26
(15,13,48),26
(15,13,18),26
(15,13,19),26
(15,13,20),26
(15,13,22),26
(15,13,25),26
(15,13,57),26
(48,13,18),26
(48,13,19),26
(48,13,20),26
(48,13,22),26
(48,13,25),26
(48,13,57),26
(18,13,19),26
(18,13,20),26
(18,13,22),26
(18,13,25),26
(18,13,57),26
(19,13,20),26
(19,13,22),26
(19,13,25),26
(19,13,57),26
(20,13,22),26
(20,13,25),26
(20,13,57),26
(22,13,25),26
(22,13,57),26
(25,13,57),26
(32,22,34),27
(32,22,3),27
(32,22,36),27
(32,22,12),27
(32,22,45),27
(32,22,49),27
(32,22,21),27
(34,22,3),27
(34,22,36),27
(34,22,12),27
(34,22,45),27
(34,22,49),27
(34,22,21),27
(3,22,36),27
(3,22,12),27
(3,22,45),27
(3,22,49),27
(3,22,21),27
(36,22,12),27
(36,22,45),27
(36,22,49),27
(36,22,21),27
(12,22,45),27
(12,22,49),27
(12,22,21),27
(45,22,49),27
(45,22,21),27
(49,22,21),27
(1,10,35),28
(1,10,8),28
(1,10,42),28
(1,10,12),28
(1,10,45),28
(1,10,50),28
(1,10,54),28
(1,10,28),28
(35,10,8),28
(35,10,42),28
(35,10,12),28
(35,10,45),28
(35,10,50),28
(35,10,54),28
(35,10,28),28
(8,10,42),28
(8,10,12),28
(8,10,45),28
(8,10,50),28
(8,10,54),28
(8,10,28),28
(42,10,12),28
(42,10,45),28
(42,10,50),28
(42,10,54),28
(42,10,28),28
(12,10,45),28
(12,10,50),28
(12,10,54),28
(12,10,28),28
(45,10,50),28
(45,10,54),28
(45,10,28),28
(50,10,54),28
(50,10,28),28
(54,10,28),28
(9,1,42),29
(9,1,49),29
(9,1,18),29
(9,1,53),29
(9,1,56),29
(9,1,57),29
(9,1,59),29
(9,1,28),29
(42,1,49),29
(42,1,18),29
(42,1,53),29
(42,1,56),29
(42,1,57),29
(42,1,59),29
(42,1,28),29
(49,1,18),29
(49,1,53),29
(49,1,56),29
(49,1,57),29
(49,1,59),29
(49,1,28),29
(18,1,53),29
(18,1,56),29
(18,1,57),29
(18,1,59),29
(18,1,28),29
(53,1,56),29
(53,1,57),29
(53,1,59),29
(53,1,28),29
(56,1,57),29
(56,1,59),29
(56,1,28),29
(57,1,59),29
(57,1,28),29
(59,1,28),29
(34,42,35),30
(34,42,36),30
(34,42,19),30
(34,42,21),30
(34,42,57),30
(34,42,29),30
(34,42,53),30
(35,42,36),30
(35,42,19),30
(35,42,21),30
(35,42,57),30
(35,42,29),30
(35,42,53),30
(36,42,19),30
(36,42,21),30
(36,42,57),30
(36,42,29),30
(36,42,53),30
(19,42,21),30
(19,42,57),30
(19,42,29),30
(19,42,53),30
(21,42,57),30
(21,42,29),30
(21,42,53),30
(57,42,29),30
(57,42,53),30
(29,42,53),30
(6,19,9),31
(6,19,12),31
(6,19,48),31
(6,19,18),31
(6,19,25),31
(6,19,58),31
(6,19,28),31
(9,19,12),31
(9,19,48),31
(9,19,18),31
(9,19,25),31
(9,19,58),31
(9,19,28),31
(12,19,48),31
(12,19,18),31
(12,19,25),31
(12,19,58),31
(12,19,28),31
(48,19,18),31
(48,19,25),31
(48,19,58),31
(48,19,28),31
(18,19,25),31
(18,19,58),31
(18,19,28),31
(25,19,58),31
(25,19,28),31
(58,19,28),31
(33,28,34),32
(33,28,16),32
(33,28,50),32
(33,28,21),32
(33,28,24),32
(33,28,59),32
(33,28,63),32
(34,28,16),32
(34,28,50),32
(34,28,21),32
(34,28,24),32
(34,28,59),32
(34,28,63),32
(16,28,50),32
(16,28,21),32
(16,28,24),32
(16,28,59),32
(16,28,63),32
(50,28,21),32
(50,28,24),32
(50,28,59),32
(50,28,63),32
(21,28,24),32
(21,28,59),32
(21,28,63),32
(24,28,59),32
(24,28,63),32
(59,28,63),32
(4,34,8),33
(4,34,12),33
(4,34,15),33
(4,34,50),33
(4,34,21),33
(4,34,25),33
(4,34,59),33
(8,34,12),33
(8,34,15),33
(8,34,50),33
(8,34,21),33
(8,34,25),33
(8,34,59),33
(12,34,15),33
(12,34,50),33
(12,34,21),33
(12,34,25),33
(12,34,59),33
(15,34,50),33
(15,34,21),33
(15,34,25),33
(15,34,59),33
(50,34,21),33
(50,34,25),33
(50,34,59),33
(21,34,25),33
(21,34,59),33
(25,34,59),33
(3,12,6),34
(3,12,9),34
(3,12,50),34
(3,12,35),34
(3,12,53),34
(3,12,54),34
(3,12,57),34
(6,12,9),34
(6,12,50),34
(6,12,35),34
(6,12,53),34
(6,12,54),34
(6,12,57),34
(9,12,50),34
(9,12,35),34
(9,12,53),34
(9,12,54),34
(9,12,57),34
(50,12,35),34
(50,12,53),34
(50,12,54),34
(50,12,57),34
(35,12,53),34
(35,12,54),34
(35,12,57),34
(53,12,54),34
(53,12,57),34
(54,12,57),34
(33,53,3),35
(33,53,6),35
(33,53,15),35
(33,53,49),35
(33,53,57),35
(33,53,63),35
(3,53,6),35
(3,53,15),35
(3,53,49),35
(3,53,57),35
(3,53,63),35
(6,53,15),35
(6,53,49),35
(6,53,57),35
(6,53,63),35
(15,53,49),35
(15,53,57),35
(15,53,63),35
(49,53,57),35
(49,53,63),35
(57,53,63),35
(3,57,36),36
(3,57,6),36
(3,57,48),36
(3,57,24),36
(3,57,63),36
(36,57,6),36
(36,57,48),36
(36,57,24),36
(36,57,63),36
(6,57,48),36
(6,57,24),36
(6,57,63),36
(48,57,24),36
(48,57,63),36
(24,57,63),36
(32,6,33),37
(32,6,3),37
(32,6,4),37
(32,6,9),37
(32,6,15),37
(33,6,3),37
(33,6,4),37
(33,6,9),37
(33,6,15),37
(3,6,4),37
(3,6,9),37
(3,6,15),37
(4,6,9),37
(4,6,15),37
(9,6,15),37
(33,3,8),38
(33,3,15),38
(33,3,16),38
(33,3,54),38
(33,3,29),38
(33,3,63),38
(8,3,15),38
(8,3,16),38
(8,3,54),38
(8,3,29),38
(8,3,63),38
(15,3,16),38
(15,3,54),38
(15,3,29),38
(15,3,63),38
(16,3,54),38
(16,3,29),38
(16,3,63),38
(54,3,29),38
(54,3,63),38
(29,3,63),38
(35,36,45),39
(35,36,15),39
(35,36,16),39
(35,36,49),39
(35,36,56),39
(35,36,25),39
(45,36,15),39
(45,36,16),39
(45,36,49),39
(45,36,56),39
(45,36,25),39
(15,36,16),39
(15,36,49),39
(15,36,56),39
(15,36,25),39
(16,36,49),39
(16,36,56),39
(16,36,25),39
(49,36,56),39
(49,36,25),39
(56,36,25),39
(8,15,18),40
(8,15,45),40
(8,15,50),40
(8,15,21),40
(8,15,54),40
(8,15,59),40
(18,15,45),40
(18,15,50),40
(18,15,21),40
(18,15,54),40
(18,15,59),40
(45,15,50),40
(45,15,21),40
(45,15,54),40
(45,15,59),40
(50,15,21),40
(50,15,54),40
(50,15,59),40
(21,15,54),40
(21,15,59),40
(54,15,59),40
(32,16,49),41
(32,16,56),41
(32,16,25),41
(32,16,58),41
(32,16,29),41
(32,16,62),41
(49,16,56),41
(49,16,25),41
(49,16,58),41
(49,16,29),41
(49,16,62),41
(56,16,25),41
(56,16,58),41
(56,16,29),41
(56,16,62),41
(25,16,58),41
(25,16,29),41
(25,16,62),41
(58,16,29),41
(58,16,62),41
(29,16,62),41
(32,25,4),42
(32,25,20),42
(32,25,54),42
(32,25,59),42
(32,25,63),42
(4,25,20),42
(4,25,54),42
(4,25,59),42
(4,25,63),42
(20,25,54),42
(20,25,59),42
(20,25,63),42
(54,25,59),42
(54,25,63),42
(59,25,63),42
(33,32,9),43
(33,32,45),43
(33,32,49),43
(33,32,21),43
(33,32,56),43
(9,32,45),43
(9,32,49),43
(9,32,21),43
(9,32,56),43
(45,32,49),43
(45,32,21),43
(45,32,56),43
(49,32,21),43
(49,32,56),43
(21,32,56),43
(50,21,49),44
(50,21,18),44
(50,21,54),44
(50,21,24),44
(50,21,62),44
(49,21,18),44
(49,21,54),44
(49,21,24),44
(49,21,62),44
(18,21,54),44
(18,21,24),44
(18,21,62),44
(54,21,24),44
(54,21,62),44
(24,21,62),44
(35,54,4),45
(35,54,8),45
(35,54,18),45
(35,54,50),45
(35,54,62),45
(4,54,8),45
(4,54,18),45
(4,54,50),45
(4,54,62),45
(8,54,18),45
(8,54,50),45
(8,54,62),45
(18,54,50),45
(18,54,62),45
(50,54,62),45
(48,50,9),46
(48,50,35),46
(48,50,45),46
(48,50,56),46
(9,50,35),46
(9,50,45),46
(9,50,56),46
(35,50,45),46
(35,50,56),46
(45,50,56),46
(4,35,8),47
(4,35,48),47
(4,35,49),47
(4,35,24),47
(4,35,59),47
(8,35,48),47
(8,35,49),47
(8,35,24),47
(8,35,59),47
(48,35,49),47
(48,35,24),47
(48,35,59),47
(49,35,24),47
(49,35,59),47
(24,35,59),47
(56,48,49),48
(56,48,59),48
(56,48,62),48
(56,48,24),48
(49,48,59),48
(49,48,62),48
(49,48,24),48
(59,48,62),48
(59,48,24),48
(62,48,24),48
(24,49,33),49
(24,49,58),49
(24,49,20),49
(33,49,58),49
(33,49,20),49
(58,49,20),49
(8,24,33),50
(8,24,59),50
(8,24,4),50
(8,24,29),50
(33,24,59),50
(33,24,4),50
(33,24,29),50
(59,24,4),50
(59,24,29),50
(4,24,29),50
(33,4,18),51
(33,4,59),51
(33,4,29),51
(33,4,63),51
(18,4,59),51
(18,4,29),51
(18,4,63),51
(59,4,29),51
(59,4,63),51
(29,4,63),51
(56,33,18),52
(56,33,63),52
(56,33,45),52
(56,33,29),52
(18,33,63),52
(18,33,45),52
(18,33,29),52
(63,33,45),52
(63,33,29),52
(45,33,29),52
(56,18,9),53
(56,18,58),53
(56,18,63),53
(9,18,58),53
(9,18,63),53
(58,18,63),53
(58,56,20),54
(58,56,45),54
(58,56,29),54
(20,56,45),54
(20,56,29),54
(45,56,29),54
(58,45,59),55
(58,45,20),55
(58,45,62),55
(59,45,20),55
(59,45,62),55
(20,45,62),55
(9,58,59),56
(9,58,29),56
(59,58,29),56
(20,59,62),57
(20,59,63),57
(62,59,63),57
(8,62,9),58
(8,62,63),58
(9,62,63),58
(8,9,20),59
(8,9,29),59
(20,9,29),59
(20,8,29),60
(20,8,63),60
(29,8,63),60
(29,20,63),61
