(33,6,7),0
(33,6,15),0
(33,6,52),0
(33,6,62),0
(33,6,31),0
(7,6,15),1
(7,6,52),1
(7,6,62),1
(7,6,31),1
(15,6,52),2
(15,6,62),2
(15,6,31),2
(52,6,62),3
(52,6,31),3
(62,6,31),4
(33,27,5),6
(33,27,10),6
(33,27,61),6
(33,27,50),6
(33,27,42),6
(5,27,10),7
(5,27,61),7
(5,27,50),7
(5,27,42),7
(10,27,61),8
(10,27,50),8
(10,27,42),8
(61,27,50),9
(61,27,42),9
(50,27,42),10
(33,34,41),12
(33,34,48),12
(33,34,51),12
(33,34,25),12
(33,34,63),12
(41,34,48),13
(41,34,51),13
(41,34,25),13
(41,34,63),13
(48,34,51),14
(48,34,25),14
(48,34,63),14
(51,34,25),15
(51,34,63),15
(25,34,63),16
(32,16,41),18
(32,16,13),18
(32,16,46),18
(32,16,17),18
(32,16,21),18
(32,16,22),18
(32,16,56),18
(41,16,13),19
(41,16,46),19
(41,16,17),19
(41,16,21),19
(41,16,22),19
(41,16,56),19
(13,16,46),20
(13,16,17),20
(13,16,21),20
(13,16,22),20
(13,16,56),20
(46,16,17),21
(46,16,21),21
(46,16,22),21
(46,16,56),21
(17,16,21),22
(17,16,22),22
(17,16,56),22
(21,16,22),23
(21,16,56),23
(22,16,56),24
(2,13,37),26
(2,13,7),26
(2,13,40),26
(2,13,41),26
(2,13,44),26
(2,13,55),26
(2,13,60),26
(37,13,7),27
(37,13,40),27
(37,13,41),27
(37,13,44),27
(37,13,55),27
(37,13,60),27
(7,13,40),28
(7,13,41),28
(7,13,44),28
(7,13,55),28
(7,13,60),28
(40,13,41),29
(40,13,44),29
(40,13,55),29
(40,13,60),29
(41,13,44),30
(41,13,55),30
(41,13,60),30
(44,13,55),31
(44,13,60),31
(55,13,60),32
(32,43,5),34
(32,43,38),34
(32,43,39),34
(32,43,17),34
(32,43,53),34
(32,43,54),34
(32,43,23),34
(5,43,38),35
(5,43,39),35
(5,43,17),35
(5,43,53),35
(5,43,54),35
(5,43,23),35
(38,43,39),36
(38,43,17),36
(38,43,53),36
(38,43,54),36
(38,43,23),36
(39,43,17),37
(39,43,53),37
(39,43,54),37
(39,43,23),37
(17,43,53),38
(17,43,54),38
(17,43,23),38
(53,43,54),39
(53,43,23),39
(54,43,23),40
(33,39,2),42
(33,39,37),42
(33,39,46),42
(33,39,17),42
(33,39,18),42
(33,39,20),42
(33,39,60),42
(2,39,37),43
(2,39,46),43
(2,39,17),43
(2,39,18),43
(2,39,20),43
(2,39,60),43
(37,39,46),44
(37,39,17),44
(37,39,18),44
(37,39,20),44
(37,39,60),44
(46,39,17),45
(46,39,18),45
(46,39,20),45
(46,39,60),45
(17,39,18),46
(17,39,20),46
(17,39,60),46
(18,39,20),47
(18,39,60),47
(20,39,60),48
(38,46,10),50
(38,46,47),50
(38,46,56),50
(38,46,25),50
(38,46,28),50
(38,46,29),50
(38,46,30),50
(10,46,47),51
(10,46,56),51
(10,46,25),51
(10,46,28),51
(10,46,29),51
(10,46,30),51
(47,46,56),52
(47,46,25),52
(47,46,28),52
(47,46,29),52
(47,46,30),52
(56,46,25),53
(56,46,28),53
(56,46,29),53
(56,46,30),53
(25,46,28),54
(25,46,29),54
(25,46,30),54
(28,46,29),55
(28,46,30),55
(29,46,30),56
(1,52,38),58
(1,52,33),58
(1,52,18),58
(1,52,19),58
(1,52,21),58
(1,52,58),58
(1,52,30),58
(38,52,33),59
(38,52,18),59
(38,52,19),59
(38,52,21),59
(38,52,58),59
(38,52,30),59
(33,52,18),60
(33,52,19),60
(33,52,21),60
(33,52,58),60
(33,52,30),60
(18,52,19),61
(18,52,21),61
(18,52,58),61
(18,52,30),61
(19,52,21),62
(19,52,58),62
(19,52,30),62
(21,52,58),63
(21,52,30),63
(58,52,30),64
(14,58,15),66
(14,58,17),66
(14,58,18),66
(14,58,54),66
(14,58,23),66
(14,58,29),66
(15,58,17),67
(15,58,18),67
(15,58,54),67
(15,58,23),67
(15,58,29),67
(17,58,18),68
(17,58,54),68
(17,58,23),68
(17,58,29),68
(18,58,54),69
(18,58,23),69
(18,58,29),69
(54,58,23),70
(54,58,29),70
(23,58,29),71
(0,29,1),73
(0,29,33),73
(0,29,9),73
(0,29,47),73
(0,29,55),73
(0,29,28),73
(0,29,31),73
(1,29,33),74
(1,29,9),74
(1,29,47),74
(1,29,55),74
(1,29,28),74
(1,29,31),74
(33,29,9),75
(33,29,47),75
(33,29,55),75
(33,29,28),75
(33,29,31),75
(9,29,47),76
(9,29,55),76
(9,29,28),76
(9,29,31),76
(47,29,55),77
(47,29,28),77
(47,29,31),77
(55,29,28),78
(55,29,31),78
(28,29,31),79
(32,55,38),81
(32,55,61),81
(32,55,49),81
(32,55,56),81
(32,55,31),81
(32,55,63),81
(38,55,61),82
(38,55,49),82
(38,55,56),82
(38,55,31),82
(38,55,63),82
(61,55,49),83
(61,55,56),83
(61,55,31),83
(61,55,63),83
(49,55,56),84
(49,55,31),84
(49,55,63),84
(56,55,31),85
(56,55,63),85
(31,55,63),86
(1,28,41),88
(1,28,10),88
(1,28,44),88
(1,28,61),88
(1,28,47),88
(1,28,17),88
(1,28,30),88
(41,28,10),89
(41,28,44),89
(41,28,61),89
(41,28,47),89
(41,28,17),89
(41,28,30),89
(10,28,44),90
(10,28,61),90
(10,28,47),90
(10,28,17),90
(10,28,30),90
(44,28,61),91
(44,28,47),91
(44,28,17),91
(44,28,30),91
(61,28,47),92
(61,28,17),92
(61,28,30),92
(47,28,17),93
(47,28,30),93
(17,28,30),94
(2,30,36),96
(2,30,42),96
(2,30,12),96
(2,30,56),96
(2,30,4),96
(2,30,61),96
(36,30,42),97
(36,30,12),97
(36,30,56),97
(36,30,4),97
(36,30,61),97
(42,30,12),98
(42,30,56),98
(42,30,4),98
(42,30,61),98
(12,30,56),99
(12,30,4),99
(12,30,61),99
(56,30,4),100
(56,30,61),100
(4,30,61),101
(1,60,36),103
(1,60,47),103
(1,60,48),103
(1,60,53),103
(1,60,56),103
(1,60,62),103
(1,60,63),103
(36,60,47),104
(36,60,48),104
(36,60,53),104
(36,60,56),104
(36,60,62),104
(36,60,63),104
(47,60,48),105
(47,60,53),105
(47,60,56),105
(47,60,62),105
(47,60,63),105
(48,60,53),106
(48,60,56),106
(48,60,62),106
(48,60,63),106
(53,60,56),107
(53,60,62),107
(53,60,63),107
(56,60,62),108
(56,60,63),108
(62,60,63),109
(3,7,36),111
(3,7,5),111
(3,7,38),111
(3,7,40),111
(3,7,56),111
(3,7,8),111
(3,7,24),111
(3,7,37),111
(36,7,5),112
(36,7,38),112
(36,7,40),112
(36,7,56),112
(36,7,8),112
(36,7,24),112
(36,7,37),112
(5,7,38),113
(5,7,40),113
(5,7,56),113
(5,7,8),113
(5,7,24),113
(5,7,37),113
(38,7,40),114
(38,7,56),114
(38,7,8),114
(38,7,24),114
(38,7,37),114
(40,7,56),115
(40,7,8),115
(40,7,24),115
(40,7,37),115
(56,7,8),116
(56,7,24),116
(56,7,37),116
(8,7,24),117
(8,7,37),117
(24,7,37),118
(33,8,35),120
(33,8,37),120
(33,8,15),120
(33,8,53),120
(33,8,22),120
(33,8,57),120
(33,8,59),120
(33,8,61),120
(35,8,37),121
(35,8,15),121
(35,8,53),121
(35,8,22),121
(35,8,57),121
(35,8,59),121
(35,8,61),121
(37,8,15),122
(37,8,53),122
(37,8,22),122
(37,8,57),122
(37,8,59),122
(37,8,61),122
(15,8,53),123
(15,8,22),123
(15,8,57),123
(15,8,59),123
(15,8,61),123
(53,8,22),124
(53,8,57),124
(53,8,59),124
(53,8,61),124
(22,8,57),125
(22,8,59),125
(22,8,61),125
(57,8,59),126
(57,8,61),126
(59,8,61),127
(0,33,17),129
(0,33,50),129
(0,33,51),129
(0,33,20),129
(0,33,23),129
(0,33,24),129
(0,33,25),129
(17,33,50),130
(17,33,51),130
(17,33,20),130
(17,33,23),130
(17,33,24),130
(17,33,25),130
(50,33,51),131
(50,33,20),131
(50,33,23),131
(50,33,24),131
(50,33,25),131
(51,33,20),132
(51,33,23),132
(51,33,24),132
(51,33,25),132
(20,33,23),133
(20,33,24),133
(20,33,25),133
(23,33,24),134
(23,33,25),134
(24,33,25),135
(32,0,2),137
(32,0,36),137
(32,0,40),137
(32,0,11),137
(32,0,44),137
(32,0,18),137
(32,0,57),137
(32,0,59),137
(2,0,36),138
(2,0,40),138
(2,0,11),138
(2,0,44),138
(2,0,18),138
(2,0,57),138
(2,0,59),138
(36,0,40),139
(36,0,11),139
(36,0,44),139
(36,0,18),139
(36,0,57),139
(36,0,59),139
(40,0,11),140
(40,0,44),140
(40,0,18),140
(40,0,57),140
(40,0,59),140
(11,0,44),141
(11,0,18),141
(11,0,57),141
(11,0,59),141
(44,0,18),142
(44,0,57),142
(44,0,59),142
(18,0,57),143
(18,0,59),143
(57,0,59),144
(41,44,42),146
(41,44,20),146
(41,44,23),146
(41,44,24),146
(41,44,25),146
(41,44,62),146
(41,44,31),146
(42,44,20),147
(42,44,23),147
(42,44,24),147
(42,44,25),147
(42,44,62),147
(42,44,31),147
(20,44,23),148
(20,44,24),148
(20,44,25),148
(20,44,62),148
(20,44,31),148
(23,44,24),149
(23,44,25),149
(23,44,62),149
(23,44,31),149
(24,44,25),150
(24,44,62),150
(24,44,31),150
(25,44,62),151
(25,44,31),151
(62,44,31),152
(32,20,35),154
(32,20,14),154
(32,20,17),154
(32,20,50),154
(32,20,3),154
(32,20,57),154
(32,20,31),154
(35,20,14),155
(35,20,17),155
(35,20,50),155
(35,20,3),155
(35,20,57),155
(35,20,31),155
(14,20,17),156
(14,20,50),156
(14,20,3),156
(14,20,57),156
(14,20,31),156
(17,20,50),157
(17,20,3),157
(17,20,57),157
(17,20,31),157
(50,20,3),158
(50,20,57),158
(50,20,31),158
(3,20,57),159
(3,20,31),159
(57,20,31),160
(35,31,9),162
(35,31,42),162
(35,31,61),162
(35,31,51),162
(35,31,54),162
(35,31,15),162
(9,31,42),163
(9,31,61),163
(9,31,51),163
(9,31,54),163
(9,31,15),163
(42,31,61),164
(42,31,51),164
(42,31,54),164
(42,31,15),164
(61,31,51),165
(61,31,54),165
(61,31,15),165
(51,31,54),166
(51,31,15),166
(54,31,15),167
(3,14,4),169
(3,14,9),169
(3,14,15),169
(3,14,57),169
(3,14,23),169
(3,14,56),169
(3,14,25),169
(4,14,9),170
(4,14,15),170
(4,14,57),170
(4,14,23),170
(4,14,56),170
(4,14,25),170
(9,14,15),171
(9,14,57),171
(9,14,23),171
(9,14,56),171
(9,14,25),171
(15,14,57),172
(15,14,23),172
(15,14,56),172
(15,14,25),172
(57,14,23),173
(57,14,56),173
(57,14,25),173
(23,14,56),174
(23,14,25),174
(56,14,25),175
(35,23,37),177
(35,23,38),177
(35,23,49),177
(35,23,17),177
(35,23,3),177
(35,23,53),177
(37,23,38),178
(37,23,49),178
(37,23,17),178
(37,23,3),178
(37,23,53),178
(38,23,49),179
(38,23,17),179
(38,23,3),179
(38,23,53),179
(49,23,17),180
(49,23,3),180
(49,23,53),180
(17,23,3),181
(17,23,53),181
(3,23,53),182
(45,35,48),184
(45,35,50),184
(45,35,19),184
(45,35,53),184
(45,35,24),184
(45,35,62),184
(48,35,50),185
(48,35,19),185
(48,35,53),185
(48,35,24),185
(48,35,62),185
(50,35,19),186
(50,35,53),186
(50,35,24),186
(50,35,62),186
(19,35,53),187
(19,35,24),187
(19,35,62),187
(53,35,24),188
(53,35,62),188
(24,35,62),189
(32,17,18),191
(32,17,37),191
(32,17,45),191
(32,17,56),191
(32,17,50),191
(32,17,21),191
(32,17,24),191
(18,17,37),192
(18,17,45),192
(18,17,56),192
(18,17,50),192
(18,17,21),192
(18,17,24),192
(37,17,45),193
(37,17,56),193
(37,17,50),193
(37,17,21),193
(37,17,24),193
(45,17,56),194
(45,17,50),194
(45,17,21),194
(45,17,24),194
(56,17,50),195
(56,17,21),195
(56,17,24),195
(50,17,21),196
(50,17,24),196
(21,17,24),197
(2,32,11),199
(2,32,38),199
(2,32,40),199
(2,32,41),199
(2,32,42),199
(2,32,15),199
(11,32,38),200
(11,32,40),200
(11,32,41),200
(11,32,42),200
(11,32,15),200
(38,32,40),201
(38,32,41),201
(38,32,42),201
(38,32,15),201
(40,32,41),202
(40,32,42),202
(40,32,15),202
(41,32,42),203
(41,32,15),203
(42,32,15),204
(3,2,38),206
(3,2,40),206
(3,2,10),206
(3,2,45),206
(3,2,56),206
(3,2,22),206
(3,2,24),206
(38,2,40),207
(38,2,10),207
(38,2,45),207
(38,2,56),207
(38,2,22),207
(38,2,24),207
(40,2,10),208
(40,2,45),208
(40,2,56),208
(40,2,22),208
(40,2,24),208
(10,2,45),209
(10,2,56),209
(10,2,22),209
(10,2,24),209
(45,2,56),210
(45,2,22),210
(45,2,24),210
(56,2,22),211
(56,2,24),211
(22,2,24),212
(1,24,41),214
(1,24,49),214
(1,24,57),214
(1,24,9),214
(1,24,56),214
(1,24,25),214
(41,24,49),215
(41,24,57),215
(41,24,9),215
(41,24,56),215
(41,24,25),215
(49,24,57),216
(49,24,9),216
(49,24,56),216
(49,24,25),216
(57,24,9),217
(57,24,56),217
(57,24,25),217
(9,24,56),218
(9,24,25),218
(56,24,25),219
(40,56,12),221
(40,56,50),221
(40,56,49),221
(40,56,18),221
(40,56,19),221
(12,56,50),222
(12,56,49),222
(12,56,18),222
(12,56,19),222
(50,56,49),223
(50,56,18),223
(50,56,19),223
(49,56,18),224
(49,56,19),224
(18,56,19),225
(37,50,9),227
(37,50,11),227
(37,50,19),227
(37,50,53),227
(37,50,22),227
(37,50,26),227
(9,50,11),228
(9,50,19),228
(9,50,53),228
(9,50,22),228
(9,50,26),228
(11,50,19),229
(11,50,53),229
(11,50,22),229
(11,50,26),229
(19,50,53),230
(19,50,22),230
(19,50,26),230
(53,50,22),231
(53,50,26),231
(22,50,26),232
(3,9,36),234
(3,9,38),234
(3,9,61),234
(3,9,49),234
(3,9,18),234
(3,9,53),234
(3,9,54),234
(36,9,38),235
(36,9,61),235
(36,9,49),235
(36,9,18),235
(36,9,53),235
(36,9,54),235
(38,9,61),236
(38,9,49),236
(38,9,18),236
(38,9,53),236
(38,9,54),236
(61,9,49),237
(61,9,18),237
(61,9,53),237
(61,9,54),237
(49,9,18),238
(49,9,53),238
(49,9,54),238
(18,9,53),239
(18,9,54),239
(53,9,54),240
(1,38,11),242
(1,38,36),242
(1,38,49),242
(1,38,51),242
(1,38,57),242
(1,38,63),242
(11,38,36),243
(11,38,49),243
(11,38,51),243
(11,38,57),243
(11,38,63),243
(36,38,49),244
(36,38,51),244
(36,38,57),244
(36,38,63),244
(49,38,51),245
(49,38,57),245
(49,38,63),245
(51,38,57),246
(51,38,63),246
(57,38,63),247
(51,49,5),249
(51,49,1),249
(51,49,12),249
(51,49,19),249
(51,49,59),249
(5,49,1),250
(5,49,12),250
(5,49,19),250
(5,49,59),250
(1,49,12),251
(1,49,19),251
(1,49,59),251
(12,49,19),252
(12,49,59),252
(19,49,59),253
(3,51,37),255
(3,51,11),255
(3,51,21),255
(3,51,59),255
(3,51,63),255
(37,51,11),256
(37,51,21),256
(37,51,59),256
(37,51,63),256
(11,51,21),257
(11,51,59),257
(11,51,63),257
(21,51,59),258
(21,51,63),258
(59,51,63),259
(3,59,41),261
(3,59,10),261
(3,59,45),261
(3,59,53),261
(3,59,57),261
(41,59,10),262
(41,59,45),262
(41,59,53),262
(41,59,57),262
(10,59,45),263
(10,59,53),263
(10,59,57),263
(45,59,53),264
(45,59,57),264
(53,59,57),265
(4,3,41),267
(4,3,42),267
(4,3,45),267
(4,3,48),267
(4,3,57),267
(41,3,42),268
(41,3,45),268
(41,3,48),268
(41,3,57),268
(42,3,45),269
(42,3,48),269
(42,3,57),269
(45,3,48),270
(45,3,57),270
(48,3,57),271
(37,41,40),273
(37,41,11),273
(37,41,47),273
(37,41,18),273
(37,41,15),273
(40,41,11),274
(40,41,47),274
(40,41,18),274
(40,41,15),274
(11,41,47),275
(11,41,18),275
(11,41,15),275
(47,41,18),276
(47,41,15),276
(18,41,15),277
(5,1,12),279
(5,1,47),279
(5,1,37),279
(5,1,26),279
(5,1,15),279
(5,1,63),279
(12,1,47),280
(12,1,37),280
(12,1,26),280
(12,1,15),280
(12,1,63),280
(47,1,37),281
(47,1,26),281
(47,1,15),281
(47,1,63),281
(37,1,26),282
(37,1,15),282
(37,1,63),282
(26,1,15),283
(26,1,63),283
(15,1,63),284
(36,12,40),286
(36,12,15),286
(36,12,18),286
(36,12,57),286
(36,12,63),286
(40,12,15),287
(40,12,18),287
(40,12,57),287
(40,12,63),287
(15,12,18),288
(15,12,57),288
(15,12,63),288
(18,12,57),289
(18,12,63),289
(57,12,63),290
(40,37,11),292
(40,37,45),292
(40,37,48),292
(40,37,15),292
(40,37,36),292
(11,37,45),293
(11,37,48),293
(11,37,15),293
(11,37,36),293
(45,37,48),294
(45,37,15),294
(45,37,36),294
(48,37,15),295
(48,37,36),295
(15,37,36),296
(36,40,45),298
(36,40,15),298
(36,40,47),298
(36,40,61),298
(45,40,15),299
(45,40,47),299
(45,40,61),299
(15,40,47),300
(15,40,61),300
(47,40,61),301
(10,15,18),303
(10,15,54),303
(10,15,26),303
(10,15,63),303
(18,15,54),304
(18,15,26),304
(18,15,63),304
(54,15,26),305
(54,15,63),305
(26,15,63),306
(47,45,48),308
(47,45,26),308
(47,45,62),308
(47,45,5),308
(48,45,26),309
(48,45,62),309
(48,45,5),309
(26,45,62),310
(26,45,5),310
(62,45,5),311
(36,47,42),313
(36,47,11),313
(36,47,19),313
(36,47,22),313
(42,47,11),314
(42,47,19),314
(42,47,22),314
(11,47,19),315
(11,47,22),315
(19,47,22),316
(10,48,53),318
(10,48,22),318
(10,48,25),318
(10,48,5),318
(53,48,22),319
(53,48,25),319
(53,48,5),319
(22,48,25),320
(22,48,5),320
(25,48,5),321
(36,26,19),323
(36,26,21),323
(36,26,57),323
(36,26,63),323
(19,26,21),324
(19,26,57),324
(19,26,63),324
(21,26,57),325
(21,26,63),325
(57,26,63),326
(11,63,18),328
(11,63,19),328
(11,63,54),328
(11,63,57),328
(18,63,19),329
(18,63,54),329
(18,63,57),329
(19,63,54),330
(19,63,57),330
(54,63,57),331
(42,19,22),333
(42,19,57),333
(42,19,61),333
(22,19,57),334
(22,19,61),334
(57,19,61),335
(4,57,10),337
(4,57,22),337
(4,57,61),337
(10,57,22),338
(10,57,61),338
(22,57,61),339
(36,61,18),341
(36,61,4),341
(36,61,25),341
(18,61,4),342
(18,61,25),342
(4,61,25),343
(11,18,21),345
(11,18,22),345
(11,18,25),345
(21,18,22),346
(21,18,25),346
(22,18,25),347
(42,22,54),349
(42,22,62),349
(54,22,62),350
(11,54,4),352
(11,54,5),352
(11,54,42),352
(4,54,5),353
(4,54,42),353
(5,54,42),354
(10,36,21),356
(10,36,25),356
(10,36,53),356
(21,36,25),357
(21,36,53),357
(25,36,53),358
(5,4,42),360
(5,4,25),360
(5,4,62),360
(5,4,21),360
(42,4,25),361
(42,4,62),361
(42,4,21),361
(25,4,62),362
(25,4,21),362
(62,4,21),363
(11,5,21),365
(11,5,62),365
(11,5,53),365
(21,5,62),366
(21,5,53),366
(62,5,53),367
(10,42,25),369
(10,42,53),369
(10,42,62),369
(25,42,53),370
(25,42,62),370
(53,42,62),371
(10,62,11),373
(10,62,25),373
(11,62,25),374
(10,25,21),376
(10,25,53),376
(21,25,53),377
(11,10,21),379
(21,11,53),381
