(0,42,59),0
(0,42,11),0
(0,42,38),0
(59,42,11),1
(59,42,38),1
(11,42,38),2
(56,7,16),4
(56,7,54),4
(56,7,30),4
(56,7,39),4
(16,7,54),5
(16,7,30),5
(16,7,39),5
(54,7,30),6
(54,7,39),6
(30,7,39),7
(16,30,9),9
(16,30,21),9
(16,30,25),9
(9,30,21),10
(9,30,25),10
(21,30,25),11
(11,2,12),13
(11,2,47),13
(11,2,53),13
(11,2,55),13
(11,2,58),13
(12,2,47),14
(12,2,53),14
(12,2,55),14
(12,2,58),14
(47,2,53),15
(47,2,55),15
(47,2,58),15
(53,2,55),16
(53,2,58),16
(55,2,58),17
(35,27,36),19
(35,27,23),19
(35,27,17),19
(35,27,22),19
(35,27,55),19
(36,27,23),20
(36,27,17),20
(36,27,22),20
(36,27,55),20
(23,27,17),21
(23,27,22),21
(23,27,55),21
(17,27,22),22
(17,27,55),22
(22,27,55),23
(10,35,44),25
(10,35,47),25
(10,35,49),25
(10,35,18),25
(10,35,53),25
(44,35,47),26
(44,35,49),26
(44,35,18),26
(44,35,53),26
(47,35,49),27
(47,35,18),27
(47,35,53),27
(49,35,18),28
(49,35,53),28
(18,35,53),29
(32,36,33),31
(32,36,9),31
(32,36,45),31
(32,36,15),31
(32,36,31),31
(33,36,9),32
(33,36,45),32
(33,36,15),32
(33,36,31),32
(9,36,45),33
(9,36,15),33
(9,36,31),33
(45,36,15),34
(45,36,31),34
(15,36,31),35
(34,32,16),37
(34,32,53),37
(34,32,25),37
(34,32,61),37
(34,32,63),37
(16,32,53),38
(16,32,25),38
(16,32,61),38
(16,32,63),38
(53,32,25),39
(53,32,61),39
(53,32,63),39
(25,32,61),40
(25,32,63),40
(61,32,63),41
(38,40,46),43
(38,40,17),43
(38,40,52),43
(38,40,25),43
(38,40,20),43
(46,40,17),44
(46,40,52),44
(46,40,25),44
(46,40,20),44
(17,40,52),45
(17,40,25),45
(17,40,20),45
(52,40,25),46
(52,40,20),46
(25,40,20),47
(38,20,39),49
(38,20,46),49
(38,20,17),49
(38,20,8),49
(38,20,28),49
(39,20,46),50
(39,20,17),50
(39,20,8),50
(39,20,28),50
(46,20,17),51
(46,20,8),51
(46,20,28),51
(17,20,8),52
(17,20,28),52
(8,20,28),53
(1,44,5),55
(1,44,46),55
(1,44,24),55
(1,44,58),55
(1,44,29),55
(5,44,46),56
(5,44,24),56
(5,44,58),56
(5,44,29),56
(46,44,24),57
(46,44,58),57
(46,44,29),57
(24,44,58),58
(24,44,29),58
(58,44,29),59
(6,5,10),61
(6,5,11),61
(6,5,46),61
(6,5,22),61
(6,5,55),61
(10,5,11),62
(10,5,46),62
(10,5,22),62
(10,5,55),62
(11,5,46),63
(11,5,22),63
(11,5,55),63
(46,5,22),64
(46,5,55),64
(22,5,55),65
(1,24,34),67
(1,24,39),67
(1,24,9),67
(1,24,14),67
(1,24,59),67
(34,24,39),68
(34,24,9),68
(34,24,14),68
(34,24,59),68
(39,24,9),69
(39,24,14),69
(39,24,59),69
(9,24,14),70
(9,24,59),70
(14,24,59),71
(33,0,37),73
(33,0,6),73
(33,0,16),73
(33,0,19),73
(33,0,55),73
(33,0,28),73
(37,0,6),74
(37,0,16),74
(37,0,19),74
(37,0,55),74
(37,0,28),74
(6,0,16),75
(6,0,19),75
(6,0,55),75
(6,0,28),75
(16,0,19),76
(16,0,55),76
(16,0,28),76
(19,0,55),77
(19,0,28),77
(55,0,28),78
(33,23,34),80
(33,23,37),80
(33,23,1),80
(33,23,51),80
(33,23,53),80
(33,23,55),80
(34,23,37),81
(34,23,1),81
(34,23,51),81
(34,23,53),81
(34,23,55),81
(37,23,1),82
(37,23,51),82
(37,23,53),82
(37,23,55),82
(1,23,51),83
(1,23,53),83
(1,23,55),83
(51,23,53),84
(51,23,55),84
(53,23,55),85
(38,51,9),87
(38,51,47),87
(38,51,52),87
(38,51,41),87
(38,51,25),87
(9,51,47),88
(9,51,52),88
(9,51,41),88
(9,51,25),88
(47,51,52),89
(47,51,41),89
(47,51,25),89
(52,51,41),90
(52,51,25),90
(41,51,25),91
(28,47,18),93
(28,47,56),93
(28,47,58),93
(28,47,60),93
(28,47,62),93
(18,47,56),94
(18,47,58),94
(18,47,60),94
(18,47,62),94
(56,47,58),95
(56,47,60),95
(56,47,62),95
(58,47,60),96
(58,47,62),96
(60,47,62),97
(34,52,3),99
(34,52,9),99
(34,52,46),99
(34,52,8),99
(34,52,22),99
(3,52,9),100
(3,52,46),100
(3,52,8),100
(3,52,22),100
(9,52,46),101
(9,52,8),101
(9,52,22),101
(46,52,8),102
(46,52,22),102
(8,52,22),103
(33,56,3),105
(33,56,15),105
(33,56,50),105
(33,56,61),105
(33,56,31),105
(3,56,15),106
(3,56,50),106
(3,56,61),106
(3,56,31),106
(15,56,50),107
(15,56,61),107
(15,56,31),107
(50,56,61),108
(50,56,31),108
(61,56,31),109
(38,33,15),111
(38,33,49),111
(38,33,18),111
(38,33,29),111
(38,33,62),111
(15,33,49),112
(15,33,18),112
(15,33,29),112
(15,33,62),112
(49,33,18),113
(49,33,29),113
(49,33,62),113
(18,33,29),114
(18,33,62),114
(29,33,62),115
(41,29,10),117
(41,29,43),117
(41,29,17),117
(41,29,55),117
(41,29,57),117
(10,29,43),118
(10,29,17),118
(10,29,55),118
(10,29,57),118
(43,29,17),119
(43,29,55),119
(43,29,57),119
(17,29,55),120
(17,29,57),120
(55,29,57),121
(34,60,3),123
(34,60,4),123
(34,60,43),123
(34,60,46),123
(34,60,57),123
(3,60,4),124
(3,60,43),124
(3,60,46),124
(3,60,57),124
(4,60,43),125
(4,60,46),125
(4,60,57),125
(43,60,46),126
(43,60,57),126
(46,60,57),127
(6,1,10),129
(6,1,43),129
(6,1,15),129
(6,1,57),129
(6,1,25),129
(6,1,61),129
(10,1,43),130
(10,1,15),130
(10,1,57),130
(10,1,25),130
(10,1,61),130
(43,1,15),131
(43,1,57),131
(43,1,25),131
(43,1,61),131
(15,1,57),132
(15,1,25),132
(15,1,61),132
(57,1,25),133
(57,1,61),133
(25,1,61),134
(39,10,16),136
(39,10,58),136
(39,10,31),136
(39,10,28),136
(39,10,63),136
(16,10,58),137
(16,10,31),137
(16,10,28),137
(16,10,63),137
(58,10,31),138
(58,10,28),138
(58,10,63),138
(31,10,28),139
(31,10,63),139
(28,10,63),140
(9,61,43),142
(9,61,16),142
(9,61,19),142
(9,61,21),142
(9,61,22),142
(43,61,16),143
(43,61,19),143
(43,61,21),143
(43,61,22),143
(16,61,19),144
(16,61,21),144
(16,61,22),144
(19,61,21),145
(19,61,22),145
(21,61,22),146
(34,4,41),148
(34,4,12),148
(34,4,13),148
(34,4,14),148
(34,4,57),148
(34,4,26),148
(41,4,12),149
(41,4,13),149
(41,4,14),149
(41,4,57),149
(41,4,26),149
(12,4,13),150
(12,4,14),150
(12,4,57),150
(12,4,26),150
(13,4,14),151
(13,4,57),151
(13,4,26),151
(14,4,57),152
(14,4,26),152
(57,4,26),153
(3,9,38),155
(3,9,45),155
(3,9,16),155
(3,9,17),155
(3,9,28),155
(3,9,31),155
(38,9,45),156
(38,9,16),156
(38,9,17),156
(38,9,28),156
(38,9,31),156
(45,9,16),157
(45,9,17),157
(45,9,28),157
(45,9,31),157
(16,9,17),158
(16,9,28),158
(16,9,31),158
(17,9,28),159
(17,9,31),159
(28,9,31),160
(38,31,39),162
(38,31,50),162
(38,31,54),162
(38,31,57),162
(38,31,63),162
(39,31,50),163
(39,31,54),163
(39,31,57),163
(39,31,63),163
(50,31,54),164
(50,31,57),164
(50,31,63),164
(54,31,57),165
(54,31,63),165
(57,31,63),166
(37,38,43),168
(37,38,15),168
(37,38,48),168
(37,38,53),168
(37,38,26),168
(43,38,15),169
(43,38,48),169
(43,38,53),169
(43,38,26),169
(15,38,48),170
(15,38,53),170
(15,38,26),170
(48,38,53),171
(48,38,26),171
(53,38,26),172
(39,26,15),174
(39,26,49),174
(39,26,53),174
(39,26,54),174
(39,26,59),174
(15,26,49),175
(15,26,53),175
(15,26,54),175
(15,26,59),175
(49,26,53),176
(49,26,54),176
(49,26,59),176
(53,26,54),177
(53,26,59),177
(54,26,59),178
(34,45,8),180
(34,45,41),180
(34,45,13),180
(34,45,46),180
(34,45,50),180
(8,45,41),181
(8,45,13),181
(8,45,46),181
(8,45,50),181
(41,45,13),182
(41,45,46),182
(41,45,50),182
(13,45,46),183
(13,45,50),183
(46,45,50),184
(34,53,6),186
(34,53,43),186
(34,53,48),186
(34,53,50),186
(34,53,55),186
(6,53,43),187
(6,53,48),187
(6,53,50),187
(6,53,55),187
(43,53,48),188
(43,53,50),188
(43,53,55),188
(48,53,50),189
(48,53,55),189
(50,53,55),190
(43,63,11),192
(43,63,15),192
(43,63,49),192
(43,63,18),192
(43,63,22),192
(11,63,15),193
(11,63,49),193
(11,63,18),193
(11,63,22),193
(15,63,49),194
(15,63,18),194
(15,63,22),194
(49,63,18),195
(49,63,22),195
(18,63,22),196
(41,22,16),198
(41,22,37),198
(41,22,21),198
(41,22,54),198
(41,22,25),198
(16,22,37),199
(16,22,21),199
(16,22,54),199
(16,22,25),199
(37,22,21),200
(37,22,54),200
(37,22,25),200
(21,22,54),201
(21,22,25),201
(54,22,25),202
(55,37,46),204
(55,37,15),204
(55,37,16),204
(55,37,21),204
(55,37,57),204
(46,37,15),205
(46,37,16),205
(46,37,21),205
(46,37,57),205
(15,37,16),206
(15,37,21),206
(15,37,57),206
(16,37,21),207
(16,37,57),207
(21,37,57),208
(34,15,48),210
(34,15,21),210
(34,15,25),210
(34,15,16),210
(34,15,62),210
(48,15,21),211
(48,15,25),211
(48,15,16),211
(48,15,62),211
(21,15,25),212
(21,15,16),212
(21,15,62),212
(25,15,16),213
(25,15,62),213
(16,15,62),214
(3,16,11),216
(3,16,17),216
(3,16,50),216
(3,16,55),216
(3,16,25),216
(11,16,17),217
(11,16,50),217
(11,16,55),217
(11,16,25),217
(17,16,50),218
(17,16,55),218
(17,16,25),218
(50,16,55),219
(50,16,25),219
(55,16,25),220
(8,55,13),222
(8,55,19),222
(8,55,57),222
(8,55,28),222
(13,55,19),223
(13,55,57),223
(13,55,28),223
(19,55,57),224
(19,55,28),224
(57,55,28),225
(39,57,41),227
(39,57,12),227
(39,57,50),227
(39,57,54),227
(41,57,12),228
(41,57,50),228
(41,57,54),228
(12,57,50),229
(12,57,54),229
(50,57,54),230
(49,41,12),232
(49,41,17),232
(49,41,19),232
(49,41,25),232
(12,41,17),233
(12,41,19),233
(12,41,25),233
(17,41,19),234
(17,41,25),234
(19,41,25),235
(8,49,46),237
(8,49,17),237
(8,49,21),237
(8,49,62),237
(46,49,17),238
(46,49,21),238
(46,49,62),238
(17,49,21),239
(17,49,62),239
(21,49,62),240
(12,50,48),242
(12,50,54),242
(12,50,25),242
(12,50,58),242
(48,50,54),243
(48,50,25),243
(48,50,58),243
(54,50,25),244
(54,50,58),244
(25,50,58),245
(3,12,39),247
(3,12,54),247
(3,12,25),247
(3,12,59),247
(39,12,54),248
(39,12,25),248
(39,12,59),248
(54,12,25),249
(54,12,59),249
(25,12,59),250
(3,54,46),252
(3,54,17),252
(3,54,19),252
(46,54,17),253
(46,54,19),253
(17,54,19),254
(39,25,18),256
(39,25,21),256
(39,25,58),256
(18,25,21),257
(18,25,58),257
(21,25,58),258
(34,17,43),260
(34,17,46),260
(34,17,18),260
(34,17,21),260
(43,17,46),261
(43,17,18),261
(43,17,21),261
(46,17,18),262
(46,17,21),262
(18,17,21),263
(34,43,46),265
(34,43,19),265
(34,43,14),265
(34,43,59),265
(46,43,19),266
(46,43,14),266
(46,43,59),266
(19,43,14),267
(19,43,59),267
(14,43,59),268
(6,19,14),270
(6,19,18),270
(6,19,28),270
(14,19,18),271
(14,19,28),271
(18,19,28),272
(6,46,39),274
(6,46,48),274
(6,46,58),274
(39,46,48),275
(39,46,58),275
(48,46,58),276
(3,58,18),278
(3,58,14),278
(3,58,21),278
(18,58,14),279
(18,58,21),279
(14,58,21),280
(11,14,13),282
(11,14,18),282
(11,14,59),282
(13,14,18),283
(13,14,59),283
(18,14,59),284
(39,18,13),286
(39,18,59),286
(13,18,59),287
(34,59,8),289
(34,59,13),289
(34,59,21),289
(8,59,13),290
(8,59,21),290
(13,59,21),291
(3,34,6),293
(3,34,39),293
(3,34,8),293
(6,34,39),294
(6,34,8),294
(39,34,8),295
(28,3,11),297
(28,3,13),297
(28,3,48),297
(11,3,13),298
(11,3,48),298
(13,3,48),299
(39,13,11),301
(39,13,62),301
(11,13,62),302
(6,39,48),304
(6,39,21),304
(48,39,21),305
(6,11,48),307
(6,11,28),307
(48,11,28),308
(6,48,62),310
(8,6,28),312
(21,8,28),314
(21,8,62),314
(28,8,62),315
(21,28,62),317
