Forbidden  Turns
(1,19,52),2
(1,19,33),2
(52,19,33),2
(20,33,54),3
(56,1,58),4
(56,1,60),4
(58,1,60),4
(20,25,38),5
(20,25,7),5
(38,25,7),5
(31,35,28),6
(31,35,55),6
(28,35,55),6
(24,31,40),7
(24,31,58),7
(40,31,58),7
(18,41,58),8
(18,41,6),8
(58,41,6),8
(44,61,6),9
(44,61,14),9
(6,61,14),9
(40,9,11),10
(40,9,3),10
(40,9,7),10
(11,9,3),10
(11,9,7),10
(3,9,7),10
(26,11,58),11
(26,11,30),11
(58,11,30),11
(50,58,52),12
(50,58,63),12
(52,58,63),12
(17,50,22),13
(17,50,63),13
(22,50,63),13
(3,7,47),14
(3,7,56),14
(3,7,30),14
(47,7,56),14
(47,7,30),14
(56,7,30),14
(56,30,57),15
(56,30,39),15
(57,30,39),15
(0,18,3),16
(0,18,59),16
(0,18,63),16
(3,18,59),16
(3,18,63),16
(59,18,63),16
(3,63,38),17
(3,63,46),17
(38,63,46),17
(10,46,45),18
(10,46,14),18
(45,46,14),18
(12,3,20),19
(12,3,59),19
(12,3,29),19
(20,3,59),19
(20,3,29),19
(59,3,29),19
(36,14,15),20
(36,14,22),20
(36,14,55),20
(15,14,22),20
(15,14,55),20
(22,14,55),20
(4,23,28),21
(4,23,29),21
(4,23,38),21
(28,23,29),21
(28,23,38),21
(29,23,38),21
(59,28,29),22
(59,28,6),22
(29,28,6),22
(59,4,20),23
(59,4,37),23
(59,4,54),23
(20,4,37),23
(20,4,54),23
(37,4,54),23
(8,6,43),24
(8,6,53),24
(8,6,59),24
(43,6,53),24
(43,6,59),24
(53,6,59),24
(27,53,44),25
(27,53,62),25
(44,53,62),25
(38,20,10),26
(38,20,54),26
(38,20,57),26
(10,20,54),26
(10,20,57),26
(54,20,57),26
(59,57,37),27
(59,57,15),27
(37,57,15),27
(32,27,16),28
(32,27,59),28
(32,27,15),28
(16,27,59),28
(16,27,15),28
(59,27,15),28
(39,15,16),29
(39,15,56),29
(39,15,29),29
(16,15,56),29
(16,15,29),29
(56,15,29),29
(55,39,29),30
(55,39,5),30
(29,39,5),30
(0,29,43),31
(0,29,49),31
(43,29,49),31
(42,43,60),32
(42,43,47),32
(60,43,47),32
(36,0,44),33
(36,0,12),33
(36,0,45),33
(44,0,12),33
(44,0,45),33
(12,0,45),33
(45,16,42),34
(45,16,13),34
(45,16,21),34
(42,16,13),34
(42,16,21),34
(13,16,21),34
(5,38,10),35
(5,38,55),35
(5,38,48),35
(10,38,55),35
(10,38,48),35
(55,38,48),35
(24,48,49),36
(24,48,5),36
(49,48,5),36
(32,5,56),37
(32,5,62),37
(56,5,62),37
(13,49,62),38
(13,49,37),38
(62,49,37),38
(44,55,52),39
(44,55,62),39
(52,55,62),39
(37,44,42),40
(37,44,21),40
(42,44,21),40
(37,52,40),41
(37,52,22),41
(40,52,22),41
(10,62,54),42
(10,62,26),42
(54,62,26),42
(45,54,22),43
(45,54,24),43
(22,54,24),43
(2,10,12),44
(2,10,22),44
(12,10,22),44
(13,22,24),45
(32,37,8),46
(32,37,24),46
(32,37,60),46
(8,37,24),46
(8,37,60),46
(24,37,60),46
(42,24,45),47
(42,24,13),47
(45,24,13),47
(32,45,8),48
(32,45,21),48
(8,45,21),48
(40,32,13),49
(40,32,17),49
(13,32,17),49
(36,8,42),50
(36,8,26),50
(42,8,26),50
(42,40,12),51
(42,40,47),51
(12,40,47),51
(2,12,21),52
(2,12,59),52
(21,12,59),52
(36,21,13),53
(42,2,17),54
(42,2,56),54
(42,2,60),54
(17,2,56),54
(17,2,60),54
(56,2,60),54
(13,42,59),55
(13,42,60),55
(59,42,60),55
(36,13,17),56
(36,13,47),56
(17,13,47),56
(17,36,26),57
(17,36,60),57
(26,36,60),57
(26,47,59),58
(26,47,60),58
(59,47,60),58
(56,26,60),59
(17,56,59),61
