 64  16
 [ 5 ] [ 4 ] [ 1 ] [ 2 ] [ 4 ] [ 3 ] [ 9 ] [ 3 ] [ 4 ] [ 2 ] [ 5 ] [ 6 ] [ 6 ] [ 6 ] [ 6 ] [ 2 ] [ 10 ] [ 3 ] [ 5 ] [ 8 ] [ 3 ] [ 6 ] [ 8 ] [ 3 ] [ 1 ] [ 2 ] [ 2 ] [ 1 ] [ 1 ] [ 11 ] [ 1 ] [ 2 ] [ 1 ] [ 2 ] [ 1 ] [ 2 ] [ 2 ] [ 2 ] [ 1 ] [ 7 ] [ 5 ] [ 1 ] [ 1 ] [ 1 ] [ 5 ] [ 1 ] [ 5 ] [ 9 ] [ 2 ] [ 2 ] [ 3 ] [ 7 ] [ 9 ] [ 2 ] [ 2 ] [ 6 ] [ 10 ] [ 3 ] [ 1 ] [ 1 ] [ 1 ] [ 7 ] [ 1 ] [ 10 ]
 [ -1 ] [ 4 ] [ 4 ] [ -1 ] [ 4 ] [ 4 ] [ 4 ] [ -1 ] [ 4 ] [ 4 ] [ -1 ] [ 4 ] [ 4 ] [ -1 ] [ -1 ] [ 0 ] [ -1 ] [ -1 ] [ -1 ] [ -1 ] [ -1 ] [ -1 ] [ -1 ] [ -1 ] [ -1 ] [ -1 ] [ -1 ] [ -1 ] [ -1 ] [ -1 ] [ -1 ] [ -1 ] [ -1 ] [ -1 ] [ 4 ] [ -1 ] [ -1 ] [ -1 ] [ -1 ] [ -1 ] [ -1 ] [ 4 ] [ -1 ] [ -1 ] [ -1 ] [ -1 ] [ -1 ] [ -1 ] [ -1 ] [ 4 ] [ -1 ] [ -1 ] [ -1 ] [ -1 ] [ -1 ] [ -1 ] [ -1 ] [ -1 ] [ 4 ] [ -1 ] [ -1 ] [ -1 ] [ -1 ] [ -1 ]
 [ -1 ] [ 4 ] [ 4 ] [ -1 ] [ 4 ] [ 4 ] [ 4 ] [ -1 ] [ 4 ] [ 4 ] [ -1 ] [ 4 ] [ 4 ] [ -1 ] [ -1 ] [ 0 ] [ -1 ] [ -1 ] [ -1 ] [ -1 ] [ -1 ] [ -1 ] [ -1 ] [ -1 ] [ -1 ] [ -1 ] [ -1 ] [ -1 ] [ -1 ] [ -1 ] [ -1 ] [ -1 ] [ -1 ] [ -1 ] [ 4 ] [ -1 ] [ -1 ] [ -1 ] [ -1 ] [ -1 ] [ -1 ] [ 4 ] [ -1 ] [ -1 ] [ -1 ] [ -1 ] [ -1 ] [ -1 ] [ -1 ] [ 4 ] [ -1 ] [ -1 ] [ -1 ] [ -1 ] [ -1 ] [ -1 ] [ -1 ] [ -1 ] [ 4 ] [ -1 ] [ -1 ] [ -1 ] [ -1 ] [ -1 ]
 [ -1 ] [ 4 ] [ 4 ] [ -1 ] [ 4 ] [ 4 ] [ 4 ] [ -1 ] [ 4 ] [ 4 ] [ -1 ] [ 4 ] [ 4 ] [ -1 ] [ -1 ] [ 0 ] [ -1 ] [ -1 ] [ -1 ] [ -1 ] [ -1 ] [ -1 ] [ -1 ] [ -1 ] [ -1 ] [ -1 ] [ -1 ] [ -1 ] [ -1 ] [ -1 ] [ -1 ] [ -1 ] [ -1 ] [ -1 ] [ 4 ] [ -1 ] [ -1 ] [ -1 ] [ -1 ] [ -1 ] [ -1 ] [ 4 ] [ -1 ] [ -1 ] [ -1 ] [ -1 ] [ -1 ] [ -1 ] [ -1 ] [ 4 ] [ -1 ] [ -1 ] [ -1 ] [ -1 ] [ -1 ] [ -1 ] [ -1 ] [ -1 ] [ 4 ] [ -1 ] [ -1 ] [ -1 ] [ -1 ] [ -1 ]
 [ 5 ] [ 7 ] [ 1 ] [ 2 ] [ 1 ] [ 3 ] [ 9 ] [ 3 ] [ 1 ] [ 2 ] [ 5 ] [ 6 ] [ 6 ] [ 6 ] [ 6 ] [ 0 ] [ 10 ] [ 3 ] [ 5 ] [ 8 ] [ 3 ] [ 6 ] [ 8 ] [ 3 ] [ 1 ] [ 2 ] [ 2 ] [ 1 ] [ 1 ] [ 11 ] [ 1 ] [ 2 ] [ 1 ] [ 2 ] [ 1 ] [ 2 ] [ 2 ] [ 2 ] [ 1 ] [ 7 ] [ 5 ] [ 1 ] [ 1 ] [ 1 ] [ 5 ] [ 1 ] [ 5 ] [ 9 ] [ 2 ] [ 2 ] [ 3 ] [ 7 ] [ 9 ] [ 2 ] [ 2 ] [ 6 ] [ 10 ] [ 3 ] [ 1 ] [ 1 ] [ 1 ] [ 7 ] [ 1 ] [ 10 ]
 [ -1 ] [ 4 ] [ 4 ] [ -1 ] [ 4 ] [ 4 ] [ 4 ] [ -1 ] [ 4 ] [ 4 ] [ -1 ] [ 4 ] [ 4 ] [ -1 ] [ -1 ] [ 0 ] [ -1 ] [ -1 ] [ -1 ] [ -1 ] [ -1 ] [ -1 ] [ -1 ] [ -1 ] [ -1 ] [ -1 ] [ -1 ] [ -1 ] [ -1 ] [ -1 ] [ -1 ] [ -1 ] [ -1 ] [ -1 ] [ 4 ] [ -1 ] [ -1 ] [ -1 ] [ -1 ] [ -1 ] [ -1 ] [ 4 ] [ -1 ] [ -1 ] [ -1 ] [ -1 ] [ -1 ] [ -1 ] [ -1 ] [ 4 ] [ -1 ] [ -1 ] [ -1 ] [ -1 ] [ -1 ] [ -1 ] [ -1 ] [ -1 ] [ 4 ] [ -1 ] [ -1 ] [ -1 ] [ -1 ] [ -1 ]
 [ -1 ] [ 4 ] [ 4 ] [ -1 ] [ 4 ] [ 4 ] [ 4 ] [ -1 ] [ 4 ] [ 4 ] [ -1 ] [ 4 ] [ 4 ] [ -1 ] [ -1 ] [ 0 ] [ -1 ] [ -1 ] [ -1 ] [ -1 ] [ -1 ] [ -1 ] [ -1 ] [ -1 ] [ -1 ] [ -1 ] [ -1 ] [ -1 ] [ -1 ] [ -1 ] [ -1 ] [ -1 ] [ -1 ] [ -1 ] [ 4 ] [ -1 ] [ -1 ] [ -1 ] [ -1 ] [ -1 ] [ -1 ] [ 4 ] [ -1 ] [ -1 ] [ -1 ] [ -1 ] [ -1 ] [ -1 ] [ -1 ] [ 4 ] [ -1 ] [ -1 ] [ -1 ] [ -1 ] [ -1 ] [ -1 ] [ -1 ] [ -1 ] [ 4 ] [ -1 ] [ -1 ] [ -1 ] [ -1 ] [ -1 ]
 [ -1 ] [ 4 ] [ 4 ] [ -1 ] [ 4 ] [ 4 ] [ 4 ] [ -1 ] [ 4 ] [ 4 ] [ -1 ] [ 4 ] [ 4 ] [ -1 ] [ -1 ] [ 0 ] [ -1 ] [ -1 ] [ -1 ] [ -1 ] [ -1 ] [ -1 ] [ -1 ] [ -1 ] [ -1 ] [ -1 ] [ -1 ] [ -1 ] [ -1 ] [ -1 ] [ -1 ] [ -1 ] [ -1 ] [ -1 ] [ 4 ] [ -1 ] [ -1 ] [ -1 ] [ -1 ] [ -1 ] [ -1 ] [ 4 ] [ -1 ] [ -1 ] [ -1 ] [ -1 ] [ -1 ] [ -1 ] [ -1 ] [ 4 ] [ -1 ] [ -1 ] [ -1 ] [ -1 ] [ -1 ] [ -1 ] [ -1 ] [ -1 ] [ 4 ] [ -1 ] [ -1 ] [ -1 ] [ -1 ] [ -1 ]
 [ -1 ] [ 4 ] [ 4 ] [ -1 ] [ 4 ] [ 4 ] [ 4 ] [ -1 ] [ 4 ] [ 4 ] [ -1 ] [ 4 ] [ 4 ] [ -1 ] [ -1 ] [ 0 ] [ -1 ] [ -1 ] [ -1 ] [ -1 ] [ -1 ] [ -1 ] [ -1 ] [ -1 ] [ -1 ] [ -1 ] [ -1 ] [ -1 ] [ -1 ] [ -1 ] [ -1 ] [ -1 ] [ -1 ] [ -1 ] [ 4 ] [ -1 ] [ -1 ] [ -1 ] [ -1 ] [ -1 ] [ -1 ] [ 4 ] [ -1 ] [ -1 ] [ -1 ] [ -1 ] [ -1 ] [ -1 ] [ -1 ] [ 4 ] [ -1 ] [ -1 ] [ -1 ] [ -1 ] [ -1 ] [ -1 ] [ -1 ] [ -1 ] [ 4 ] [ -1 ] [ -1 ] [ -1 ] [ -1 ] [ -1 ]
 [ -1 ] [ 4 ] [ 4 ] [ -1 ] [ 4 ] [ 4 ] [ 4 ] [ -1 ] [ 4 ] [ 4 ] [ -1 ] [ 4 ] [ 4 ] [ -1 ] [ -1 ] [ 0 ] [ -1 ] [ -1 ] [ -1 ] [ -1 ] [ -1 ] [ -1 ] [ -1 ] [ -1 ] [ -1 ] [ -1 ] [ -1 ] [ -1 ] [ -1 ] [ -1 ] [ -1 ] [ -1 ] [ -1 ] [ -1 ] [ 4 ] [ -1 ] [ -1 ] [ -1 ] [ -1 ] [ -1 ] [ -1 ] [ 4 ] [ -1 ] [ -1 ] [ -1 ] [ -1 ] [ -1 ] [ -1 ] [ -1 ] [ 4 ] [ -1 ] [ -1 ] [ -1 ] [ -1 ] [ -1 ] [ -1 ] [ -1 ] [ -1 ] [ 4 ] [ -1 ] [ -1 ] [ -1 ] [ -1 ] [ -1 ]
 [ -1 ] [ 4 ] [ 4 ] [ -1 ] [ 4 ] [ 4 ] [ 4 ] [ -1 ] [ 4 ] [ 4 ] [ -1 ] [ 4 ] [ 4 ] [ -1 ] [ -1 ] [ 0 ] [ -1 ] [ -1 ] [ -1 ] [ -1 ] [ -1 ] [ -1 ] [ -1 ] [ -1 ] [ -1 ] [ -1 ] [ -1 ] [ -1 ] [ -1 ] [ -1 ] [ -1 ] [ -1 ] [ -1 ] [ -1 ] [ 4 ] [ -1 ] [ -1 ] [ -1 ] [ -1 ] [ -1 ] [ -1 ] [ 4 ] [ -1 ] [ -1 ] [ -1 ] [ -1 ] [ -1 ] [ -1 ] [ -1 ] [ 4 ] [ -1 ] [ -1 ] [ -1 ] [ -1 ] [ -1 ] [ -1 ] [ -1 ] [ -1 ] [ 4 ] [ -1 ] [ -1 ] [ -1 ] [ -1 ] [ -1 ]
 [ -1 ] [ 4 ] [ 4 ] [ -1 ] [ 4 ] [ 4 ] [ 4 ] [ -1 ] [ 4 ] [ 4 ] [ -1 ] [ 4 ] [ 4 ] [ -1 ] [ -1 ] [ 0 ] [ -1 ] [ -1 ] [ -1 ] [ -1 ] [ -1 ] [ -1 ] [ -1 ] [ -1 ] [ -1 ] [ -1 ] [ -1 ] [ -1 ] [ -1 ] [ -1 ] [ -1 ] [ -1 ] [ -1 ] [ -1 ] [ 4 ] [ -1 ] [ -1 ] [ -1 ] [ -1 ] [ -1 ] [ -1 ] [ 4 ] [ -1 ] [ -1 ] [ -1 ] [ -1 ] [ -1 ] [ -1 ] [ -1 ] [ 4 ] [ -1 ] [ -1 ] [ -1 ] [ -1 ] [ -1 ] [ -1 ] [ -1 ] [ -1 ] [ 4 ] [ -1 ] [ -1 ] [ -1 ] [ -1 ] [ -1 ]
 [ -1 ] [ -1 ] [ -1 ] [ -1 ] [ -1 ] [ -1 ] [ -1 ] [ -1 ] [ -1 ] [ -1 ] [ -1 ] [ -1 ] [ -1 ] [ -1 ] [ -1 ] [ 0 ] [ -1 ] [ -1 ] [ -1 ] [ -1 ] [ -1 ] [ -1 ] [ -1 ] [ -1 ] [ -1 ] [ -1 ] [ -1 ] [ -1 ] [ -1 ] [ -1 ] [ -1 ] [ -1 ] [ -1 ] [ -1 ] [ -1 ] [ -1 ] [ -1 ] [ -1 ] [ -1 ] [ -1 ] [ -1 ] [ -1 ] [ -1 ] [ -1 ] [ -1 ] [ -1 ] [ -1 ] [ -1 ] [ -1 ] [ -1 ] [ -1 ] [ -1 ] [ -1 ] [ -1 ] [ -1 ] [ -1 ] [ -1 ] [ -1 ] [ -1 ] [ -1 ] [ -1 ] [ -1 ] [ -1 ] [ -1 ]
 [ -1 ] [ -1 ] [ -1 ] [ -1 ] [ -1 ] [ -1 ] [ -1 ] [ -1 ] [ -1 ] [ -1 ] [ -1 ] [ -1 ] [ -1 ] [ -1 ] [ -1 ] [ 0 ] [ -1 ] [ -1 ] [ -1 ] [ -1 ] [ -1 ] [ -1 ] [ -1 ] [ -1 ] [ -1 ] [ -1 ] [ -1 ] [ -1 ] [ -1 ] [ -1 ] [ -1 ] [ -1 ] [ -1 ] [ -1 ] [ -1 ] [ -1 ] [ -1 ] [ -1 ] [ -1 ] [ -1 ] [ -1 ] [ -1 ] [ -1 ] [ -1 ] [ -1 ] [ -1 ] [ -1 ] [ -1 ] [ -1 ] [ -1 ] [ -1 ] [ -1 ] [ -1 ] [ -1 ] [ -1 ] [ -1 ] [ -1 ] [ -1 ] [ -1 ] [ -1 ] [ -1 ] [ -1 ] [ -1 ] [ -1 ]
 [ -1 ] [ -1 ] [ -1 ] [ -1 ] [ -1 ] [ -1 ] [ -1 ] [ -1 ] [ -1 ] [ -1 ] [ -1 ] [ -1 ] [ -1 ] [ -1 ] [ -1 ] [ 0 ] [ -1 ] [ -1 ] [ -1 ] [ -1 ] [ -1 ] [ -1 ] [ -1 ] [ -1 ] [ -1 ] [ -1 ] [ -1 ] [ -1 ] [ -1 ] [ -1 ] [ -1 ] [ -1 ] [ -1 ] [ -1 ] [ -1 ] [ -1 ] [ -1 ] [ -1 ] [ -1 ] [ -1 ] [ -1 ] [ -1 ] [ -1 ] [ -1 ] [ -1 ] [ -1 ] [ -1 ] [ -1 ] [ -1 ] [ -1 ] [ -1 ] [ -1 ] [ -1 ] [ -1 ] [ -1 ] [ -1 ] [ -1 ] [ -1 ] [ -1 ] [ -1 ] [ -1 ] [ -1 ] [ -1 ] [ -1 ]
 [ -1 ] [ -1 ] [ -1 ] [ -1 ] [ -1 ] [ -1 ] [ -1 ] [ -1 ] [ -1 ] [ -1 ] [ -1 ] [ -1 ] [ -1 ] [ -1 ] [ -1 ] [ 0 ] [ -1 ] [ -1 ] [ -1 ] [ -1 ] [ -1 ] [ -1 ] [ -1 ] [ -1 ] [ -1 ] [ -1 ] [ -1 ] [ -1 ] [ -1 ] [ -1 ] [ -1 ] [ -1 ] [ -1 ] [ -1 ] [ -1 ] [ -1 ] [ -1 ] [ -1 ] [ -1 ] [ -1 ] [ -1 ] [ -1 ] [ -1 ] [ -1 ] [ -1 ] [ -1 ] [ -1 ] [ -1 ] [ -1 ] [ -1 ] [ -1 ] [ -1 ] [ -1 ] [ -1 ] [ -1 ] [ -1 ] [ -1 ] [ -1 ] [ -1 ] [ -1 ] [ -1 ] [ -1 ] [ -1 ] [ -1 ]
 [ -1 ] [ -1 ] [ -1 ] [ -1 ] [ -1 ] [ -1 ] [ -1 ] [ -1 ] [ -1 ] [ -1 ] [ -1 ] [ -1 ] [ -1 ] [ -1 ] [ -1 ] [ 0 ] [ -1 ] [ -1 ] [ -1 ] [ -1 ] [ -1 ] [ -1 ] [ -1 ] [ -1 ] [ -1 ] [ -1 ] [ -1 ] [ -1 ] [ -1 ] [ -1 ] [ -1 ] [ -1 ] [ -1 ] [ -1 ] [ -1 ] [ -1 ] [ -1 ] [ -1 ] [ -1 ] [ -1 ] [ -1 ] [ -1 ] [ -1 ] [ -1 ] [ -1 ] [ -1 ] [ -1 ] [ -1 ] [ -1 ] [ -1 ] [ -1 ] [ -1 ] [ -1 ] [ -1 ] [ -1 ] [ -1 ] [ -1 ] [ -1 ] [ -1 ] [ -1 ] [ -1 ] [ -1 ] [ -1 ] [ -1 ]
