(51,15,60),0
(51,15,23),0
(60,15,23),1
(58,53,52),3
(58,53,21),3
(52,53,21),4
(1,6,26),6
(1,6,61),6
(1,6,37),6
(26,6,61),7
(26,6,37),7
(61,6,37),8
(40,50,41),10
(40,50,21),10
(40,50,14),10
(41,50,21),11
(41,50,14),11
(21,50,14),12
(36,62,45),14
(36,62,14),14
(36,62,31),14
(45,62,14),15
(45,62,31),15
(14,62,31),16
(7,1,48),18
(7,1,21),18
(7,1,55),18
(7,1,56),18
(48,1,21),19
(48,1,55),19
(48,1,56),19
(21,1,55),20
(21,1,56),20
(55,1,56),21
(16,4,60),23
(16,4,28),23
(16,4,17),23
(16,4,49),23
(60,4,28),24
(60,4,17),24
(60,4,49),24
(28,4,17),25
(28,4,49),25
(17,4,49),26
(19,16,35),28
(19,16,44),28
(19,16,17),28
(35,16,44),29
(35,16,17),29
(44,16,17),30
(17,49,19),32
(17,49,20),32
(17,49,22),32
(19,49,20),33
(19,49,22),33
(20,49,22),34
(27,22,12),36
(27,22,5),36
(27,22,47),36
(12,22,5),37
(12,22,47),37
(5,22,47),38
(32,8,58),40
(32,8,35),40
(32,8,61),40
(32,8,46),40
(58,8,35),41
(58,8,61),41
(58,8,46),41
(35,8,61),42
(35,8,46),42
(61,8,46),43
(38,19,47),45
(38,19,48),45
(38,19,52),45
(38,19,29),45
(47,19,48),46
(47,19,52),46
(47,19,29),46
(48,19,52),47
(48,19,29),47
(52,19,29),48
(25,24,58),50
(25,24,3),50
(25,24,14),50
(25,24,59),50
(58,24,3),51
(58,24,14),51
(58,24,59),51
(3,24,14),52
(3,24,59),52
(14,24,59),53
(52,43,10),55
(52,43,36),55
(52,43,37),55
(52,43,55),55
(10,43,36),56
(10,43,37),56
(10,43,55),56
(36,43,37),57
(36,43,55),57
(37,43,55),58
(33,36,37),60
(33,36,40),60
(33,36,52),60
(33,36,28),60
(37,36,40),61
(37,36,52),61
(37,36,28),61
(40,36,52),62
(40,36,28),62
(52,36,28),63
(2,28,13),65
(2,28,46),65
(2,28,48),65
(2,28,17),65
(13,28,46),66
(13,28,48),66
(13,28,17),66
(46,28,48),67
(46,28,17),67
(48,28,17),68
(38,2,42),70
(38,2,48),70
(38,2,21),70
(38,2,54),70
(42,2,48),71
(42,2,21),71
(42,2,54),71
(48,2,21),72
(48,2,54),72
(21,2,54),73
(32,17,5),75
(32,17,11),75
(32,17,41),75
(32,17,60),75
(5,17,11),76
(5,17,41),76
(5,17,60),76
(11,17,41),77
(11,17,60),77
(41,17,60),78
(42,37,12),80
(42,37,48),80
(42,37,21),80
(42,37,60),80
(12,37,48),81
(12,37,21),81
(12,37,60),81
(48,37,21),82
(48,37,60),82
(21,37,60),83
(33,12,5),85
(33,12,42),85
(33,12,11),85
(33,12,48),85
(5,12,42),86
(5,12,11),86
(5,12,48),86
(42,12,11),87
(42,12,48),87
(11,12,48),88
(42,21,11),90
(42,21,58),90
(42,21,61),90
(42,21,31),90
(11,21,58),91
(11,21,61),91
(11,21,31),91
(58,21,61),92
(58,21,31),92
(61,21,31),93
(40,11,10),95
(40,11,45),95
(40,11,46),95
(40,11,47),95
(10,11,45),96
(10,11,46),96
(10,11,47),96
(45,11,46),97
(45,11,47),97
(46,11,47),98
(3,40,51),100
(3,40,30),100
(3,40,63),100
(51,40,30),101
(51,40,63),101
(30,40,63),102
(39,33,41),104
(39,33,7),104
(39,33,44),104
(39,33,59),104
(41,33,7),105
(41,33,44),105
(41,33,59),105
(7,33,44),106
(7,33,59),106
(44,33,59),107
(54,5,38),109
(54,5,39),109
(54,5,14),109
(54,5,52),109
(54,5,58),109
(38,5,39),110
(38,5,14),110
(38,5,52),110
(38,5,58),110
(39,5,14),111
(39,5,52),111
(39,5,58),111
(14,5,52),112
(14,5,58),112
(52,5,58),113
(3,38,9),115
(3,38,47),115
(3,38,35),115
(3,38,20),115
(9,38,47),116
(9,38,35),116
(9,38,20),116
(47,38,35),117
(47,38,20),117
(35,38,20),118
(41,35,42),120
(41,35,54),120
(41,35,26),120
(41,35,27),120
(42,35,54),121
(42,35,26),121
(42,35,27),121
(54,35,26),122
(54,35,27),122
(26,35,27),123
(42,26,45),125
(42,26,14),125
(42,26,56),125
(42,26,61),125
(45,26,14),126
(45,26,56),126
(45,26,61),126
(14,26,56),127
(14,26,61),127
(56,26,61),128
(9,42,48),130
(9,42,59),130
(9,42,61),130
(48,42,59),131
(48,42,61),131
(59,42,61),132
(32,27,57),134
(32,27,59),134
(32,27,30),134
(32,27,31),134
(57,27,59),135
(57,27,30),135
(57,27,31),135
(59,27,30),136
(59,27,31),136
(30,27,31),137
(34,32,10),139
(34,32,61),139
(34,32,25),139
(34,32,29),139
(10,32,61),140
(10,32,25),140
(10,32,29),140
(61,32,25),141
(61,32,29),141
(25,32,29),142
(10,25,45),144
(10,25,54),144
(10,25,59),144
(10,25,30),144
(45,25,54),145
(45,25,59),145
(45,25,30),145
(54,25,59),146
(54,25,30),146
(59,25,30),147
(7,10,41),149
(7,10,46),149
(7,10,55),149
(7,10,56),149
(41,10,46),150
(41,10,55),150
(41,10,56),150
(46,10,55),151
(46,10,56),151
(55,10,56),152
(9,7,46),154
(9,7,59),154
(9,7,60),154
(9,7,29),154
(46,7,59),155
(46,7,60),155
(46,7,29),155
(59,7,60),156
(59,7,29),156
(60,7,29),157
(39,29,41),159
(39,29,44),159
(39,29,13),159
(41,29,44),160
(41,29,13),160
(44,29,13),161
(39,46,55),163
(39,46,57),163
(39,46,63),163
(55,46,57),164
(55,46,63),164
(57,46,63),165
(14,57,20),167
(14,57,56),167
(14,57,61),167
(20,57,56),168
(20,57,61),168
(56,57,61),169
(0,59,3),171
(0,59,56),171
(0,59,23),171
(3,59,56),172
(3,59,23),172
(56,59,23),173
(39,9,47),175
(39,9,48),175
(39,9,18),175
(39,9,52),175
(47,9,48),176
(47,9,18),176
(47,9,52),176
(48,9,18),177
(48,9,52),177
(18,9,52),178
(34,47,54),180
(34,47,60),180
(34,47,61),180
(54,47,60),181
(54,47,61),181
(60,47,61),182
(48,13,54),184
(48,13,23),184
(48,13,56),184
(48,13,60),184
(54,13,23),185
(54,13,56),185
(54,13,60),185
(23,13,56),186
(23,13,60),186
(56,13,60),187
(3,23,45),189
(3,23,14),189
(3,23,52),189
(45,23,14),190
(45,23,52),190
(14,23,52),191
(34,45,20),193
(34,45,54),193
(34,45,58),193
(20,45,54),194
(20,45,58),194
(54,45,58),195
(0,20,41),197
(0,20,55),197
(0,20,61),197
(41,20,55),198
(41,20,61),198
(55,20,61),199
(51,52,34),201
(51,52,41),201
(51,52,54),201
(34,52,41),202
(34,52,54),202
(41,52,54),203
(0,34,48),205
(0,34,61),205
(0,34,31),205
(48,34,61),206
(48,34,31),206
(61,34,31),207
(48,0,55),209
(48,0,56),209
(48,0,61),209
(55,0,56),210
(55,0,61),210
(56,0,61),211
(41,56,44),213
(41,56,61),213
(44,56,61),214
(44,61,14),216
(3,48,44),218
(3,48,41),218
(3,48,30),218
(44,48,41),219
(44,48,30),219
(41,48,30),220
(41,3,14),222
(41,3,18),222
(41,3,30),222
(14,3,18),223
(14,3,30),223
(18,3,30),224
(39,41,18),226
(39,41,63),226
(18,41,63),227
(39,18,51),229
(39,18,31),229
(51,18,31),230
(44,30,54),232
(44,30,58),232
(54,30,58),233
(54,44,58),235
(54,44,60),235
(58,44,60),236
(51,54,63),238
(39,58,14),240
(51,39,14),242
(51,39,60),242
(51,39,63),242
(14,39,60),243
(14,39,63),243
(60,39,63),244
(51,14,60),246
(51,14,31),246
(60,14,31),247
(55,51,31),249
(55,60,63),251
(55,63,31),253
