0 34 11 37 6 39 55 44 2 18 19 20 23 57 5 61 31
1 34 35 37 17 42 11 13 48 49 20 56 26 59 29 63
2 0 35 36 5 38 47 50 20 21 54 23 37
3 48 8 10 12 16 51 21 54 56 61 30 63
4 36 56 51 53 24 60 31
5 0 2 34 36 41 44 13 49 19 21 58 63 31
6 0 35 36 37 40 11 20 21 54 25 24 57 60 61 53
7 12 16 49 18 24 27 29 30
8 3 39 10 14 19 55 25 27
9 33 37 40 13 47 17 19 24 57 61 31
10 3 8 41 46 19 52 14 25 26 60 63
11 32 0 37 6 1 42 48 52 23 24 59 62 31
12 3 37 7 28 42 44 45 16 19 26 59 60 31
13 33 35 36 5 38 1 9 45 48 17 50 51 58 26 30 16
14 33 34 39 8 10 43 44 15 17 21 54 56 29 62
15 35 54 39 14 16 17 22 25
16 32 33 34 3 38 7 40 12 13 15 17 51 52 54 23
17 1 22 37 9 29 13 14 15 16 54 57 58 60 61
18 0 32 34 7 40 42 46 48 21 22 24 57 26 58 62 31
19 0 33 34 36 5 8 9 10 12 37 55 24 57 60 29 63
20 0 1 2 22 6 38 33 54 58 59
21 32 2 3 5 6 14 56 18 35 24 26 28 37
22 32 44 45 15 17 18 20 54 57 25 28 29
23 0 32 34 59 11 2 47 16 50 52 24 27 30
24 32 35 4 6 7 41 23 11 18 19 21 9 56 27 60 61
25 22 6 8 10 15 54 55 58 27 29 30
26 1 38 10 12 45 47 18 21 13 28 61 30
27 33 34 35 7 8 50 51 52 23 24 25 28 30
28 59 37 38 42 43 12 46 52 21 22 26 27 60 53
29 32 1 33 7 43 14 17 50 19 22 25 61
30 3 7 45 13 59 23 56 25 26 27
31 0 4 5 38 9 11 12 18 36 59 62
32 37 38 54 11 44 45 16 18 52 21 22 23 24 59 29
33 19 48 38 40 9 44 13 14 16 51 20 27 29
34 0 16 35 5 1 40 43 14 48 18 19 53 54 23 27
35 1 34 6 15 13 2 46 47 49 21 54 24 27 63
36 2 4 5 6 41 13 50 19 62 31
37 0 1 2 6 32 41 11 12 46 17 19 9 21 55 57 28
38 32 33 2 44 13 16 20 26 28 31
39 0 8 41 43 14 15 50 51 55 57 60 62 63
40 33 34 6 9 42 16 18 51 52 56 62
41 36 37 39 10 46 51 24 59 5
42 1 40 12 11 44 47 18 52 28
43 34 39 44 14 28 29
44 0 33 5 38 32 42 43 12 14 52 22 60 63
45 32 12 13 50 53 22 56 26 58 30
46 35 37 41 10 18 59 28
47 2 35 9 42 52 23 57 26 59
48 1 34 3 33 11 13 18 53 58 61
49 1 35 5 7 50 53 61
50 2 36 39 13 45 49 53 23 27 29
51 33 3 4 39 40 41 13 16 27 52 54 55 56 59 62
52 32 40 42 11 44 47 16 51 23 58 27 28 10 62
53 34 4 6 45 48 49 50 55 56 57 58 28
54 3 32 34 35 6 2 14 15 16 17 51 20 22 25 61 62
55 0 19 37 39 8 51 53 25
56 1 3 4 40 45 14 51 21 24 59 30 53
57 0 37 6 39 9 47 17 18 19 53 22 59 60
58 5 13 45 48 17 18 20 53 25 61 62 52
59 32 1 41 11 12 46 47 51 20 62 23 56 57 28 30 31
60 4 6 39 44 10 12 17 19 24 57 28
61 0 3 6 49 9 29 48 17 54 24 58 26
62 36 39 40 11 14 18 51 52 54 58 59 31
63 1 3 5 35 39 10 44 19
