 64  14
 [ 4 ] [ 4 ] [ 1 ] [ 1 ] [ 1 ] [ 2 ] [ 2 ] [ 1 ] [ 6 ] [ 1 ] [ 4 ] [ 1 ] [ 1 ] [ 1 ] [ 1 ] [ 3 ] [ 1 ] [ 1 ] [ 3 ] [ 4 ] [ 1 ] [ 4 ] [ 5 ] [ 3 ] [ 1 ] [ 1 ] [ 7 ] [ 1 ] [ 6 ] [ 4 ] [ 4 ] [ 8 ] [ 4 ] [ 7 ] [ 1 ] [ 7 ] [ 1 ] [ 4 ] [ 1 ] [ 1 ] [ 4 ] [ 6 ] [ 8 ] [ 1 ] [ 4 ] [ 4 ] [ 3 ] [ 1 ] [ 1 ] [ 4 ] [ 5 ] [ 4 ] [ 7 ] [ 1 ] [ 8 ] [ 1 ] [ 5 ] [ 6 ] [ 4 ] [ 1 ] [ 5 ] [ 4 ] [ 1 ] [ 6 ]
 [ 0 ] [ 2 ] [ 3 ] [ 6 ] [ -1 ] [ 2 ] [ 2 ] [ -1 ] [ 6 ] [ -1 ] [ -1 ] [ 2 ] [ -1 ] [ -1 ] [ 3 ] [ 3 ] [ -1 ] [ -1 ] [ 3 ] [ -1 ] [ -1 ] [ 6 ] [ -1 ] [ 3 ] [ 6 ] [ -1 ] [ -1 ] [ 6 ] [ 6 ] [ 6 ] [ 6 ] [ -1 ] [ -1 ] [ -1 ] [ -1 ] [ -1 ] [ 6 ] [ -1 ] [ -1 ] [ 6 ] [ 6 ] [ 6 ] [ 3 ] [ 6 ] [ -1 ] [ 6 ] [ 3 ] [ -1 ] [ -1 ] [ 3 ] [ 6 ] [ -1 ] [ -1 ] [ 6 ] [ -1 ] [ -1 ] [ -1 ] [ 6 ] [ -1 ] [ -1 ] [ -1 ] [ 3 ] [ -1 ] [ 6 ]
 [ 0 ] [ 4 ] [ 1 ] [ 1 ] [ 1 ] [ 1 ] [ 6 ] [ 1 ] [ 6 ] [ 1 ] [ 4 ] [ 1 ] [ 1 ] [ 1 ] [ 1 ] [ 3 ] [ 1 ] [ 1 ] [ 3 ] [ 4 ] [ 1 ] [ 4 ] [ 5 ] [ 3 ] [ 1 ] [ 1 ] [ 7 ] [ 1 ] [ 6 ] [ 4 ] [ 4 ] [ 8 ] [ 4 ] [ 7 ] [ 1 ] [ 7 ] [ 1 ] [ 4 ] [ 1 ] [ 1 ] [ 4 ] [ 6 ] [ 8 ] [ 1 ] [ 4 ] [ 4 ] [ 3 ] [ 1 ] [ 1 ] [ 4 ] [ 5 ] [ 4 ] [ 7 ] [ 1 ] [ 8 ] [ 1 ] [ 5 ] [ 6 ] [ 4 ] [ 1 ] [ 5 ] [ 4 ] [ 1 ] [ 6 ]
 [ 0 ] [ 4 ] [ 1 ] [ 1 ] [ 1 ] [ 2 ] [ 2 ] [ 1 ] [ 6 ] [ 1 ] [ 4 ] [ 1 ] [ 1 ] [ 1 ] [ 1 ] [ 2 ] [ 1 ] [ 1 ] [ 4 ] [ 4 ] [ 1 ] [ 4 ] [ 5 ] [ 4 ] [ 1 ] [ 1 ] [ 7 ] [ 1 ] [ 6 ] [ 4 ] [ 4 ] [ 8 ] [ 4 ] [ 7 ] [ 1 ] [ 7 ] [ 1 ] [ 4 ] [ 1 ] [ 1 ] [ 4 ] [ 6 ] [ 8 ] [ 1 ] [ 4 ] [ 4 ] [ 4 ] [ 1 ] [ 1 ] [ 4 ] [ 5 ] [ 4 ] [ 7 ] [ 1 ] [ 8 ] [ 1 ] [ 5 ] [ 6 ] [ 4 ] [ 1 ] [ 5 ] [ 4 ] [ 1 ] [ 6 ]
 [ 0 ] [ 2 ] [ 3 ] [ 6 ] [ -1 ] [ 2 ] [ 2 ] [ -1 ] [ 6 ] [ -1 ] [ -1 ] [ 2 ] [ -1 ] [ -1 ] [ 3 ] [ 3 ] [ -1 ] [ -1 ] [ 3 ] [ -1 ] [ -1 ] [ 6 ] [ -1 ] [ 3 ] [ 6 ] [ -1 ] [ -1 ] [ 6 ] [ 6 ] [ 6 ] [ 6 ] [ -1 ] [ -1 ] [ -1 ] [ -1 ] [ -1 ] [ 6 ] [ -1 ] [ -1 ] [ 6 ] [ 6 ] [ 6 ] [ 3 ] [ 6 ] [ -1 ] [ 6 ] [ 3 ] [ -1 ] [ -1 ] [ 3 ] [ 6 ] [ -1 ] [ -1 ] [ 6 ] [ -1 ] [ -1 ] [ -1 ] [ 6 ] [ -1 ] [ -1 ] [ -1 ] [ 3 ] [ -1 ] [ 6 ]
 [ 0 ] [ 2 ] [ 3 ] [ 6 ] [ -1 ] [ 2 ] [ 2 ] [ -1 ] [ 6 ] [ -1 ] [ -1 ] [ 2 ] [ -1 ] [ -1 ] [ 3 ] [ 3 ] [ -1 ] [ -1 ] [ 3 ] [ -1 ] [ -1 ] [ 6 ] [ -1 ] [ 3 ] [ 6 ] [ -1 ] [ -1 ] [ 6 ] [ 6 ] [ 6 ] [ 6 ] [ -1 ] [ -1 ] [ -1 ] [ -1 ] [ -1 ] [ 6 ] [ -1 ] [ -1 ] [ 6 ] [ 6 ] [ 6 ] [ 3 ] [ 6 ] [ -1 ] [ 6 ] [ 3 ] [ -1 ] [ -1 ] [ 3 ] [ 6 ] [ -1 ] [ -1 ] [ 6 ] [ -1 ] [ -1 ] [ -1 ] [ 6 ] [ -1 ] [ -1 ] [ -1 ] [ 3 ] [ -1 ] [ 6 ]
 [ 0 ] [ 4 ] [ 1 ] [ 1 ] [ 1 ] [ 2 ] [ 2 ] [ 1 ] [ 8 ] [ 1 ] [ 4 ] [ 1 ] [ 1 ] [ 1 ] [ 1 ] [ 3 ] [ 1 ] [ 1 ] [ 3 ] [ 4 ] [ 1 ] [ 4 ] [ 5 ] [ 3 ] [ 1 ] [ 1 ] [ 7 ] [ 1 ] [ 1 ] [ 4 ] [ 4 ] [ 8 ] [ 4 ] [ 7 ] [ 1 ] [ 7 ] [ 1 ] [ 4 ] [ 1 ] [ 1 ] [ 4 ] [ 1 ] [ 8 ] [ 1 ] [ 4 ] [ 4 ] [ 3 ] [ 1 ] [ 1 ] [ 4 ] [ 5 ] [ 4 ] [ 7 ] [ 1 ] [ 8 ] [ 1 ] [ 5 ] [ 1 ] [ 4 ] [ 1 ] [ 5 ] [ 4 ] [ 1 ] [ 1 ]
 [ 0 ] [ 2 ] [ 3 ] [ 6 ] [ -1 ] [ 2 ] [ 2 ] [ -1 ] [ 6 ] [ -1 ] [ -1 ] [ 2 ] [ -1 ] [ -1 ] [ 3 ] [ 3 ] [ -1 ] [ -1 ] [ 3 ] [ -1 ] [ -1 ] [ 6 ] [ -1 ] [ 3 ] [ 6 ] [ -1 ] [ -1 ] [ 6 ] [ 6 ] [ 6 ] [ 6 ] [ -1 ] [ -1 ] [ -1 ] [ -1 ] [ -1 ] [ 6 ] [ -1 ] [ -1 ] [ 6 ] [ 6 ] [ 6 ] [ 3 ] [ 6 ] [ -1 ] [ 6 ] [ 3 ] [ -1 ] [ -1 ] [ 3 ] [ 6 ] [ -1 ] [ -1 ] [ 6 ] [ -1 ] [ -1 ] [ -1 ] [ 6 ] [ -1 ] [ -1 ] [ -1 ] [ 3 ] [ -1 ] [ 6 ]
 [ 0 ] [ 2 ] [ 3 ] [ 6 ] [ -1 ] [ 2 ] [ 2 ] [ -1 ] [ 6 ] [ -1 ] [ -1 ] [ 2 ] [ -1 ] [ -1 ] [ 3 ] [ 3 ] [ -1 ] [ -1 ] [ 3 ] [ -1 ] [ -1 ] [ 6 ] [ -1 ] [ 3 ] [ 6 ] [ -1 ] [ -1 ] [ 6 ] [ 6 ] [ 6 ] [ 6 ] [ -1 ] [ -1 ] [ -1 ] [ -1 ] [ -1 ] [ 6 ] [ -1 ] [ -1 ] [ 6 ] [ 6 ] [ 6 ] [ 3 ] [ 6 ] [ -1 ] [ 6 ] [ 3 ] [ -1 ] [ -1 ] [ 3 ] [ 6 ] [ -1 ] [ -1 ] [ 6 ] [ -1 ] [ -1 ] [ -1 ] [ 6 ] [ -1 ] [ -1 ] [ -1 ] [ 3 ] [ -1 ] [ 6 ]
 [ 0 ] [ -1 ] [ -1 ] [ -1 ] [ -1 ] [ -1 ] [ -1 ] [ -1 ] [ -1 ] [ -1 ] [ -1 ] [ -1 ] [ -1 ] [ -1 ] [ -1 ] [ -1 ] [ -1 ] [ -1 ] [ -1 ] [ -1 ] [ -1 ] [ -1 ] [ -1 ] [ -1 ] [ -1 ] [ -1 ] [ -1 ] [ -1 ] [ -1 ] [ -1 ] [ -1 ] [ -1 ] [ -1 ] [ -1 ] [ -1 ] [ -1 ] [ -1 ] [ -1 ] [ -1 ] [ -1 ] [ -1 ] [ -1 ] [ -1 ] [ -1 ] [ -1 ] [ -1 ] [ -1 ] [ -1 ] [ -1 ] [ -1 ] [ -1 ] [ -1 ] [ -1 ] [ -1 ] [ -1 ] [ -1 ] [ -1 ] [ -1 ] [ -1 ] [ -1 ] [ -1 ] [ -1 ] [ -1 ] [ -1 ]
 [ 0 ] [ -1 ] [ -1 ] [ -1 ] [ -1 ] [ -1 ] [ -1 ] [ -1 ] [ -1 ] [ -1 ] [ -1 ] [ -1 ] [ -1 ] [ -1 ] [ -1 ] [ -1 ] [ -1 ] [ -1 ] [ -1 ] [ -1 ] [ -1 ] [ -1 ] [ -1 ] [ -1 ] [ -1 ] [ -1 ] [ -1 ] [ -1 ] [ -1 ] [ -1 ] [ -1 ] [ -1 ] [ -1 ] [ -1 ] [ -1 ] [ -1 ] [ -1 ] [ -1 ] [ -1 ] [ -1 ] [ -1 ] [ -1 ] [ -1 ] [ -1 ] [ -1 ] [ -1 ] [ -1 ] [ -1 ] [ -1 ] [ -1 ] [ -1 ] [ -1 ] [ -1 ] [ -1 ] [ -1 ] [ -1 ] [ -1 ] [ -1 ] [ -1 ] [ -1 ] [ -1 ] [ -1 ] [ -1 ] [ -1 ]
 [ 0 ] [ -1 ] [ -1 ] [ -1 ] [ -1 ] [ -1 ] [ -1 ] [ -1 ] [ -1 ] [ -1 ] [ -1 ] [ -1 ] [ -1 ] [ -1 ] [ -1 ] [ -1 ] [ -1 ] [ -1 ] [ -1 ] [ -1 ] [ -1 ] [ -1 ] [ -1 ] [ -1 ] [ -1 ] [ -1 ] [ -1 ] [ -1 ] [ -1 ] [ -1 ] [ -1 ] [ -1 ] [ -1 ] [ -1 ] [ -1 ] [ -1 ] [ -1 ] [ -1 ] [ -1 ] [ -1 ] [ -1 ] [ -1 ] [ -1 ] [ -1 ] [ -1 ] [ -1 ] [ -1 ] [ -1 ] [ -1 ] [ -1 ] [ -1 ] [ -1 ] [ -1 ] [ -1 ] [ -1 ] [ -1 ] [ -1 ] [ -1 ] [ -1 ] [ -1 ] [ -1 ] [ -1 ] [ -1 ] [ -1 ]
 [ 0 ] [ -1 ] [ -1 ] [ -1 ] [ -1 ] [ -1 ] [ -1 ] [ -1 ] [ -1 ] [ -1 ] [ -1 ] [ -1 ] [ -1 ] [ -1 ] [ -1 ] [ -1 ] [ -1 ] [ -1 ] [ -1 ] [ -1 ] [ -1 ] [ -1 ] [ -1 ] [ -1 ] [ -1 ] [ -1 ] [ -1 ] [ -1 ] [ -1 ] [ -1 ] [ -1 ] [ -1 ] [ -1 ] [ -1 ] [ -1 ] [ -1 ] [ -1 ] [ -1 ] [ -1 ] [ -1 ] [ -1 ] [ -1 ] [ -1 ] [ -1 ] [ -1 ] [ -1 ] [ -1 ] [ -1 ] [ -1 ] [ -1 ] [ -1 ] [ -1 ] [ -1 ] [ -1 ] [ -1 ] [ -1 ] [ -1 ] [ -1 ] [ -1 ] [ -1 ] [ -1 ] [ -1 ] [ -1 ] [ -1 ]
 [ 0 ] [ -1 ] [ -1 ] [ -1 ] [ -1 ] [ -1 ] [ -1 ] [ -1 ] [ -1 ] [ -1 ] [ -1 ] [ -1 ] [ -1 ] [ -1 ] [ -1 ] [ -1 ] [ -1 ] [ -1 ] [ -1 ] [ -1 ] [ -1 ] [ -1 ] [ -1 ] [ -1 ] [ -1 ] [ -1 ] [ -1 ] [ -1 ] [ -1 ] [ -1 ] [ -1 ] [ -1 ] [ -1 ] [ -1 ] [ -1 ] [ -1 ] [ -1 ] [ -1 ] [ -1 ] [ -1 ] [ -1 ] [ -1 ] [ -1 ] [ -1 ] [ -1 ] [ -1 ] [ -1 ] [ -1 ] [ -1 ] [ -1 ] [ -1 ] [ -1 ] [ -1 ] [ -1 ] [ -1 ] [ -1 ] [ -1 ] [ -1 ] [ -1 ] [ -1 ] [ -1 ] [ -1 ] [ -1 ] [ -1 ]
 [ 0 ] [ -1 ] [ -1 ] [ -1 ] [ -1 ] [ -1 ] [ -1 ] [ -1 ] [ -1 ] [ -1 ] [ -1 ] [ -1 ] [ -1 ] [ -1 ] [ -1 ] [ -1 ] [ -1 ] [ -1 ] [ -1 ] [ -1 ] [ -1 ] [ -1 ] [ -1 ] [ -1 ] [ -1 ] [ -1 ] [ -1 ] [ -1 ] [ -1 ] [ -1 ] [ -1 ] [ -1 ] [ -1 ] [ -1 ] [ -1 ] [ -1 ] [ -1 ] [ -1 ] [ -1 ] [ -1 ] [ -1 ] [ -1 ] [ -1 ] [ -1 ] [ -1 ] [ -1 ] [ -1 ] [ -1 ] [ -1 ] [ -1 ] [ -1 ] [ -1 ] [ -1 ] [ -1 ] [ -1 ] [ -1 ] [ -1 ] [ -1 ] [ -1 ] [ -1 ] [ -1 ] [ -1 ] [ -1 ] [ -1 ]
