0 36 6 40 43 50 20 57 63
1 3 46 50 26 62 63
2 35 37 7 41 42 43 14 48 51 55
3 1 38 7 42 43 13 14 29 50 54 24 10 28 61 30 63
4 12 15 20 23 52 60 62
5 9 51 21
6 0 35 7 39 61 15 17 19 56 25 29 31
7 2 3 6 8 41 11 13 9 23 60 31
8 33 34 36 38 7 55 29 17 50 23 61
9 34 5 7 40 45 49 51 53 25 28
10 3 37 60 43 46 21 28 30
11 7 39 46 47 49 52 53 29 63
12 35 4 45 50 52 23 29
13 3 37 7 42 43 31 63
14 33 2 3 52
15 50 4 6
16 48 17 61
17 16 6 39 8 46 48 20 54 23
18 36 37 39 50 20 53
19 6 39 44 56 58 59 61
20 0 35 4 43 17 18 25 26 36
21 34 37 10 46 62 5
22 32 24 41
23 35 4 7 8 41 12 17 52 26 61
24 32 34 3 22 48 35 53 54 57 26 58
25 33 6 39 9 43 45 46 47 50 20 56 59 29
26 1 33 41 47 52 23 24 20 61
27 40 60 30
28 34 3 38 9 10 44
29 33 3 6 8 30 11 12 53 25 59 60 62
30 3 38 10 43 35 27 60 29
31 33 35 6 7 13 60
32 40 48 22 24
33 35 8 14 25 26 29 62 31
34 8 9 52 21 55 24 28
35 33 2 6 38 12 20 30 23 24 60 62 31
36 0 37 8 48 18 20 59 61 62 63
37 2 36 10 43 13 49 18 21 61
38 35 8 60 42 43 3 53 55 28 30
39 6 11 17 18 19 25
40 32 0 9 52 53 27 60 63
41 2 7 49 22 23 57 26
42 2 3 38 45 13 59
43 0 2 3 37 38 10 44 13 45 51 20 55 25 30
44 19 58 43 28 45
45 9 42 43 44 12 49 50 56 25 62
46 1 10 11 17 57 21 55 25
47 25 26 11 53
48 32 2 36 16 17 51 55 24 60
49 37 9 11 45 51 41 57
50 0 1 3 8 12 45 15 18 51 57 25 62
51 2 5 9 43 48 49 50 61
52 34 4 40 11 12 14 23 26
53 38 40 9 11 47 24 18 56 29
54 24 17 3 62 55
55 34 38 8 43 2 46 48 54
56 25 19 53 6 45
57 0 41 46 49 50 24 58
58 24 57 19 44 61
59 36 42 19 25 60 29
60 27 4 38 7 40 63 10 48 35 59 29 30 31
61 19 3 36 37 6 8 16 51 23 26 58
62 33 35 36 1 45 50 21 54 4 29
63 0 1 3 36 40 11 13 60
