Forbidden  Turns
(48,5,27),0
(48,5,23),0
(27,5,23),0
(33,25,12),1
(33,25,61),1
(33,25,46),1
(12,25,61),1
(12,25,46),1
(61,25,46),1
(8,43,34),2
(8,43,62),2
(8,43,15),2
(34,43,62),2
(34,43,15),2
(62,43,15),2
(24,7,49),3
(24,7,12),3
(24,7,62),3
(24,7,55),3
(49,7,12),3
(49,7,62),3
(49,7,55),3
(12,7,62),3
(12,7,55),3
(62,7,55),3
(32,15,48),4
(32,15,42),4
(32,15,59),4
(32,15,13),4
(48,15,42),4
(48,15,59),4
(48,15,13),4
(42,15,59),4
(42,15,13),4
(59,15,13),4
(9,23,2),5
(9,23,51),5
(9,23,34),5
(9,23,21),5
(2,23,51),5
(2,23,34),5
(2,23,21),5
(51,23,34),5
(51,23,21),5
(34,23,21),5
(0,33,41),6
(0,33,19),6
(0,33,21),6
(0,33,27),6
(41,33,19),6
(41,33,21),6
(41,33,27),6
(19,33,21),6
(19,33,27),6
(21,33,27),6
(58,36,35),7
(58,36,52),7
(58,36,13),7
(58,36,14),7
(35,36,52),7
(35,36,13),7
(35,36,14),7
(52,36,13),7
(52,36,14),7
(13,36,14),7
(0,49,8),8
(0,49,21),8
(0,49,54),8
(0,49,24),8
(8,49,21),8
(8,49,54),8
(8,49,24),8
(21,49,54),8
(21,49,24),8
(54,49,24),8
(60,0,10),9
(60,0,12),9
(60,0,61),9
(60,0,39),9
(10,0,12),9
(10,0,61),9
(10,0,39),9
(12,0,61),9
(12,0,39),9
(61,0,39),9
(32,50,35),10
(32,50,2),10
(32,50,27),10
(32,50,44),10
(35,50,2),10
(35,50,27),10
(35,50,44),10
(2,50,27),10
(2,50,44),10
(27,50,44),10
(31,32,2),11
(31,32,35),11
(31,32,6),11
(31,32,55),11
(2,32,35),11
(2,32,6),11
(2,32,55),11
(35,32,6),11
(35,32,55),11
(6,32,55),11
(59,35,10),12
(59,35,3),12
(59,35,62),12
(59,35,47),12
(10,35,3),12
(10,35,62),12
(10,35,47),12
(3,35,62),12
(3,35,47),12
(62,35,47),12
(8,10,2),13
(8,10,11),13
(8,10,26),13
(8,10,47),13
(2,10,11),13
(2,10,26),13
(2,10,47),13
(11,10,26),13
(11,10,47),13
(26,10,47),13
(60,44,11),14
(60,44,12),14
(60,44,22),14
(60,44,14),14
(11,44,12),14
(11,44,22),14
(11,44,14),14
(12,44,22),14
(12,44,14),14
(22,44,14),14
(9,11,26),15
(9,11,29),15
(9,11,30),15
(9,11,63),15
(26,11,29),15
(26,11,30),15
(26,11,63),15
(29,11,30),15
(29,11,63),15
(30,11,63),15
(8,29,57),16
(8,29,3),16
(8,29,37),16
(8,29,31),16
(57,29,3),16
(57,29,37),16
(57,29,31),16
(3,29,37),16
(3,29,31),16
(37,29,31),16
(41,57,4),17
(41,57,53),17
(41,57,62),17
(4,57,53),17
(4,57,62),17
(53,57,62),17
(61,4,59),18
(61,4,21),18
(61,4,6),18
(61,4,55),18
(59,4,21),18
(59,4,6),18
(59,4,55),18
(21,4,6),18
(21,4,55),18
(6,4,55),18
(8,47,48),19
(8,47,27),19
(8,47,30),19
(8,47,22),19
(48,47,27),19
(48,47,30),19
(48,47,22),19
(27,47,30),19
(27,47,22),19
(30,47,22),19
(41,8,59),20
(41,8,21),20
(41,8,54),20
(41,8,39),20
(59,8,21),20
(59,8,54),20
(59,8,39),20
(21,8,54),20
(21,8,39),20
(54,8,39),20
(56,21,14),21
(56,21,46),21
(56,21,37),21
(56,21,38),21
(14,21,46),21
(14,21,37),21
(14,21,38),21
(46,21,37),21
(46,21,38),21
(37,21,38),21
(17,48,61),22
(17,48,53),22
(17,48,30),22
(17,48,55),22
(61,48,53),22
(61,48,30),22
(61,48,55),22
(53,48,30),22
(53,48,55),22
(30,48,55),22
(17,53,2),23
(17,53,13),23
(17,53,38),23
(2,53,13),23
(2,53,38),23
(13,53,38),23
(16,61,24),24
(16,61,42),24
(16,61,3),24
(24,61,42),24
(24,61,3),24
(42,61,3),24
(56,13,34),25
(56,13,26),25
(56,13,20),25
(56,13,37),25
(34,13,26),25
(34,13,20),25
(34,13,37),25
(26,13,20),25
(26,13,37),25
(20,13,37),25
(24,34,9),26
(24,34,2),26
(24,34,20),26
(24,34,42),26
(9,34,2),26
(9,34,20),26
(9,34,42),26
(2,34,20),26
(2,34,42),26
(20,34,42),26
(40,37,18),27
(40,37,52),27
(40,37,30),27
(40,37,31),27
(18,37,52),27
(18,37,30),27
(18,37,31),27
(52,37,30),27
(52,37,31),27
(30,37,31),27
(58,52,63),28
(58,52,28),28
(58,52,55),28
(63,52,28),28
(63,52,55),28
(28,52,55),28
(17,58,51),29
(17,58,20),29
(17,58,14),29
(51,58,20),29
(51,58,14),29
(20,58,14),29
(40,20,18),30
(40,20,27),30
(40,20,30),30
(40,20,6),30
(18,20,27),30
(18,20,30),30
(18,20,6),30
(27,20,30),30
(27,20,6),30
(30,20,6),30
(40,30,26),31
(40,30,45),31
(40,30,62),31
(40,30,55),31
(26,30,45),31
(26,30,62),31
(26,30,55),31
(45,30,62),31
(45,30,55),31
(62,30,55),31
(16,62,26),32
(16,62,12),32
(16,62,45),32
(26,62,12),32
(26,62,45),32
(12,62,45),32
(2,45,27),33
(2,45,22),33
(2,45,63),33
(27,45,22),33
(27,45,63),33
(22,45,63),33
(56,2,22),34
(56,2,51),34
(56,2,46),34
(56,2,6),34
(22,2,51),34
(22,2,46),34
(22,2,6),34
(51,2,46),34
(51,2,6),34
(46,2,6),34
(40,56,16),35
(40,56,42),35
(40,56,54),35
(16,56,42),35
(16,56,54),35
(42,56,54),35
(54,16,59),36
(54,16,3),36
(54,16,38),36
(54,16,6),36
(59,16,3),36
(59,16,38),36
(59,16,6),36
(3,16,38),36
(3,16,6),36
(38,16,6),36
(18,59,31),37
(18,59,6),37
(18,59,55),37
(31,59,6),37
(31,59,55),37
(6,59,55),37
(24,55,1),38
(24,55,19),38
(24,55,31),38
(1,55,19),38
(1,55,31),38
(19,55,31),38
(28,31,26),39
(28,31,12),39
(28,31,6),39
(26,31,12),39
(26,31,6),39
(12,31,6),39
(24,6,17),40
(24,6,60),40
(24,6,22),40
(24,6,63),40
(17,6,60),40
(17,6,22),40
(17,6,63),40
(60,6,22),40
(60,6,63),40
(22,6,63),40
(9,63,54),41
(9,63,14),41
(9,63,46),41
(54,63,14),41
(54,63,46),41
(14,63,46),41
(40,54,17),42
(40,54,24),42
(40,54,9),42
(17,54,24),42
(17,54,9),42
(24,54,9),42
(24,40,41),43
(24,40,51),43
(24,40,60),43
(41,40,51),43
(41,40,60),43
(51,40,60),43
(26,24,27),44
(26,24,46),44
(27,24,46),44
(27,9,1),45
(27,9,3),45
(27,9,17),45
(1,9,3),45
(1,9,17),45
(3,9,17),45
(17,60,51),46
(17,60,14),46
(17,60,38),46
(51,60,14),46
(51,60,38),46
(14,60,38),46
(42,17,19),47
(42,17,18),47
(19,17,18),47
(1,42,3),48
(1,42,28),48
(1,42,14),48
(3,42,28),48
(3,42,14),48
(28,42,14),48
(3,14,12),49
(3,14,39),49
(12,14,39),49
(27,3,18),50
(27,3,51),50
(18,3,51),50
(41,18,22),51
(41,18,38),51
(22,18,38),51
(22,1,46),52
(22,1,38),52
(22,1,39),52
(46,1,38),52
(46,1,39),52
(38,1,39),52
(19,38,41),53
(19,38,51),53
(41,38,51),53
(41,51,27),54
(41,51,28),54
(27,51,28),54
(19,41,46),55
(26,19,28),56
(26,19,22),56
(28,19,22),56
(22,28,39),57
(26,39,22),58
(26,39,46),58
(22,39,46),58
(12,26,46),59
(27,46,12),60
(12,27,22),61
