0 2 51 18 22
1 16 34 2 54 15
2 0 1 34 36 6 7 11 15 28
3 7 11 44 19 54 25 58
4 36 7 47 16 21 56 25
5 48 56 20
6 34 11 2 19 29 31
7 2 3 4 40 11 53
8 32 35 45 15 19 20 24 57 58 27 30
9 38 10 44 14 49 53 54 24 60
10 9 42 45 14 24 58 29
11 2 3 36 6 7 41 23 20 55 59 60
12 32 39 44 45 46 60 29 62
13 39 15
14 35 9 10 43 24 25 26
15 1 2 8 13 29 31
16 32 1 4 43 50 23 55
17 42 21
18 32 0 52 22 55 56
19 3 6 8 41 50 20 29
20 8 33 19 5 11
21 41 4 17 63
22 0 40 41 47 18 58
23 33 11 43 16 52 53 24 59 28
24 41 8 9 10 46 50 51 14 23 26
25 3 4 14 47 54 30
26 35 14 24 52 56 59 28
27 40 33 51 37 8
28 34 41 23 2 55 26
29 36 6 39 10 12 15 19 59
30 8 25 61 37
31 6 42 15 52 59 61
32 48 8 12 45 16 18
33 37 48 20 53 23 27 60 61 63
34 1 2 44 6 28
35 8 45 14 26 60 63
36 2 11 4 29
37 33 44 53 58 27 30
38 9 55 54 59 47
39 41 12 29 13
40 27 46 22 7
41 39 11 47 19 21 22 24 59 28
42 17 10 45 62 31
43 16 59 46 14 23
44 34 3 37 9 12 46 51
45 32 35 8 42 12 10
46 24 40 43 44 12
47 4 38 41 22 25 58
48 32 33 51 5
49 9 55
50 24 16 19 54 63
51 0 44 48 24 57 58 27 62
52 55 18 23 26 31
53 33 23 9 37 7
54 1 3 38 9 50 55 25 60
55 38 11 16 49 18 52 54 28
56 4 5 18 58 26 63
57 8 51
58 3 37 8 10 47 51 22 56
59 43 38 41 11 23 26 29 31
60 33 35 9 11 12 54
61 33 30 31
62 42 51 12
63 56 33 50 35 21
