Forbidden  Turns
(1,5,6),0
(1,5,55),0
(6,5,55),0
(47,12,20),1
(47,12,39),1
(20,12,39),1
(8,23,29),2
(8,23,14),2
(8,23,47),2
(29,23,14),2
(29,23,47),2
(14,23,47),2
(33,42,20),3
(33,42,53),3
(33,42,22),3
(20,42,53),3
(20,42,22),3
(53,42,22),3
(25,60,11),4
(25,60,44),4
(25,60,15),4
(11,60,44),4
(11,60,15),4
(44,60,15),4
(32,8,9),5
(32,8,34),5
(32,8,51),5
(32,8,63),5
(9,8,34),5
(9,8,51),5
(9,8,63),5
(34,8,51),5
(34,8,63),5
(51,8,63),5
(25,31,49),6
(25,31,20),6
(25,31,44),6
(25,31,55),6
(49,31,20),6
(49,31,44),6
(49,31,55),6
(20,31,44),6
(20,31,55),6
(44,31,55),6
(0,34,40),7
(0,34,2),7
(0,34,61),7
(0,34,62),7
(40,34,2),7
(40,34,61),7
(40,34,62),7
(2,34,61),7
(2,34,62),7
(61,34,62),7
(18,52,63),8
(18,52,4),8
(18,52,45),8
(18,52,29),8
(63,52,4),8
(63,52,45),8
(63,52,29),8
(4,52,45),8
(4,52,29),8
(45,52,29),8
(0,29,41),9
(0,29,43),9
(0,29,59),9
(0,29,63),9
(41,29,43),9
(41,29,59),9
(41,29,63),9
(43,29,59),9
(43,29,63),9
(59,29,63),9
(33,53,3),10
(33,53,36),10
(33,53,62),10
(33,53,14),10
(3,53,36),10
(3,53,62),10
(3,53,14),10
(36,53,62),10
(36,53,14),10
(62,53,14),10
(16,36,49),11
(16,36,20),11
(16,36,45),11
(16,36,47),11
(49,36,20),11
(49,36,45),11
(49,36,47),11
(20,36,45),11
(20,36,47),11
(45,36,47),11
(17,56,19),12
(17,56,28),12
(17,56,46),12
(17,56,35),12
(19,56,28),12
(19,56,46),12
(19,56,35),12
(28,56,46),12
(28,56,35),12
(46,56,35),12
(48,15,6),13
(48,15,43),13
(48,15,16),13
(48,15,18),13
(48,15,51),13
(6,15,43),13
(6,15,16),13
(6,15,18),13
(6,15,51),13
(43,15,16),13
(43,15,18),13
(43,15,51),13
(16,15,18),13
(16,15,51),13
(18,15,51),13
(39,6,9),14
(39,6,11),14
(39,6,20),14
(39,6,54),14
(39,6,61),14
(9,6,11),14
(9,6,20),14
(9,6,54),14
(9,6,61),14
(11,6,20),14
(11,6,54),14
(11,6,61),14
(20,6,54),14
(20,6,61),14
(54,6,61),14
(40,54,58),15
(40,54,4),15
(40,54,62),15
(40,54,22),15
(58,54,4),15
(58,54,62),15
(58,54,22),15
(4,54,62),15
(4,54,22),15
(62,54,22),15
(10,40,28),16
(10,40,46),16
(10,40,14),16
(10,40,7),16
(28,40,46),16
(28,40,14),16
(28,40,7),16
(46,40,14),16
(46,40,7),16
(14,40,7),16
(11,61,17),17
(11,61,26),17
(11,61,35),17
(11,61,38),17
(17,61,26),17
(17,61,35),17
(17,61,38),17
(26,61,35),17
(26,61,38),17
(35,61,38),17
(0,38,9),18
(0,38,3),18
(0,38,35),18
(0,38,59),18
(9,38,3),18
(9,38,35),18
(9,38,59),18
(3,38,35),18
(3,38,59),18
(35,38,59),18
(24,35,1),19
(24,35,26),19
(24,35,58),19
(24,35,9),19
(1,35,26),19
(1,35,58),19
(1,35,9),19
(26,35,58),19
(26,35,9),19
(58,35,9),19
(0,24,28),20
(0,24,58),20
(0,24,44),20
(0,24,47),20
(28,24,58),20
(28,24,44),20
(28,24,47),20
(58,24,44),20
(58,24,47),20
(44,24,47),20
(16,28,57),21
(16,28,59),21
(16,28,4),21
(16,28,45),21
(57,28,59),21
(57,28,4),21
(57,28,45),21
(59,28,4),21
(59,28,45),21
(4,28,45),21
(17,4,10),22
(17,4,44),22
(17,4,18),22
(17,4,47),22
(10,4,44),22
(10,4,18),22
(10,4,47),22
(44,4,18),22
(44,4,47),22
(18,4,47),22
(1,18,49),23
(1,18,7),23
(1,18,13),23
(1,18,33),23
(49,18,7),23
(49,18,13),23
(49,18,33),23
(7,18,13),23
(7,18,33),23
(13,18,33),23
(32,1,49),24
(32,1,2),24
(32,1,59),24
(32,1,7),24
(49,1,2),24
(49,1,59),24
(49,1,7),24
(2,1,59),24
(2,1,7),24
(59,1,7),24
(9,59,10),25
(9,59,37),25
(9,59,22),25
(10,59,37),25
(10,59,22),25
(37,59,22),25
(58,32,55),26
(58,32,30),26
(58,32,46),26
(58,32,47),26
(55,32,30),26
(55,32,46),26
(55,32,47),26
(30,32,46),26
(30,32,47),26
(46,32,47),26
(33,37,63),27
(33,37,20),27
(33,37,49),27
(33,37,47),27
(63,37,20),27
(63,37,49),27
(63,37,47),27
(20,37,49),27
(20,37,47),27
(49,37,47),27
(58,49,11),28
(58,49,62),28
(58,49,14),28
(11,49,62),28
(11,49,14),28
(62,49,14),28
(16,58,27),29
(16,58,30),29
(16,58,22),29
(27,58,30),29
(27,58,22),29
(30,58,22),29
(33,11,27),30
(33,11,30),30
(33,11,46),30
(33,11,47),30
(27,11,30),30
(27,11,46),30
(27,11,47),30
(30,11,46),30
(30,11,47),30
(46,11,47),30
(0,27,26),31
(0,27,45),31
(0,27,22),31
(26,27,45),31
(26,27,22),31
(45,27,22),31
(9,22,19),32
(9,22,20),32
(9,22,63),32
(19,22,20),32
(19,22,63),32
(20,22,63),32
(10,33,51),33
(10,33,45),33
(10,33,47),33
(51,33,45),33
(51,33,47),33
(45,33,47),33
(48,47,9),34
(48,47,45),34
(9,47,45),34
(25,9,26),35
(25,9,13),35
(25,9,45),35
(26,9,13),35
(26,9,45),35
(13,9,45),35
(25,45,3),36
(25,45,14),36
(25,45,39),36
(3,45,14),36
(3,45,39),36
(14,45,39),36
(17,0,63),37
(17,0,25),37
(17,0,21),37
(17,0,57),37
(63,0,25),37
(63,0,21),37
(63,0,57),37
(25,0,21),37
(25,0,57),37
(21,0,57),37
(55,63,43),38
(55,63,14),38
(55,63,7),38
(43,63,14),38
(43,63,7),38
(14,63,7),38
(10,3,55),39
(10,3,20),39
(10,3,13),39
(10,3,21),39
(55,3,20),39
(55,3,13),39
(55,3,21),39
(20,3,13),39
(20,3,21),39
(13,3,21),39
(25,21,55),40
(25,21,30),40
(25,21,39),40
(55,21,30),40
(55,21,39),40
(30,21,39),40
(48,25,10),41
(48,25,19),41
(48,25,7),41
(10,25,19),41
(10,25,7),41
(19,25,7),41
(48,19,55),42
(48,19,20),42
(48,19,39),42
(55,19,20),42
(55,19,39),42
(20,19,39),42
(17,48,26),43
(17,48,20),43
(26,48,20),43
(41,20,13),44
(41,20,30),44
(41,20,55),44
(13,20,30),44
(13,20,55),44
(30,20,55),44
(16,55,50),45
(16,55,51),45
(16,55,30),45
(50,55,51),45
(50,55,30),45
(51,55,30),45
(57,51,2),46
(57,51,50),46
(57,51,7),46
(2,51,50),46
(2,51,7),46
(50,51,7),46
(16,50,57),47
(16,50,2),47
(16,50,30),47
(57,50,2),47
(57,50,30),47
(2,50,30),47
(41,16,26),48
(41,16,44),48
(41,16,46),48
(26,16,44),48
(26,16,46),48
(44,16,46),48
(17,26,2),49
(17,26,30),49
(2,26,30),49
(17,2,44),50
(17,2,13),50
(17,2,14),50
(44,2,13),50
(44,2,14),50
(13,2,14),50
(10,44,7),51
(10,44,39),51
(7,44,39),51
(39,17,46),52
(39,17,7),52
(46,17,7),52
(41,7,14),53
(41,7,39),53
(14,7,39),53
(10,41,43),54
(10,41,30),54
(43,41,30),54
(57,10,14),55
(57,10,39),55
(14,10,39),55
(57,46,62),56
(57,46,39),56
(62,46,39),56
(13,57,62),57
(43,39,13),58
(43,39,62),58
(13,39,62),58
(30,62,14),59
(43,30,13),60
(13,43,14),61
