Forbidden  Turns
(32,8,2),0
(32,8,54),0
(2,8,54),0
(26,11,2),1
(26,11,54),1
(2,11,54),1
(40,6,44),2
(40,6,46),2
(40,6,39),2
(44,6,46),2
(44,6,39),2
(46,6,39),2
(23,43,9),3
(23,43,39),3
(23,43,15),3
(9,43,39),3
(9,43,15),3
(39,43,15),3
(9,47,26),4
(9,47,20),4
(9,47,15),4
(26,47,20),4
(26,47,15),4
(20,47,15),4
(26,12,19),5
(26,12,38),5
(26,12,22),5
(26,12,55),5
(19,12,38),5
(19,12,22),5
(19,12,55),5
(38,12,22),5
(38,12,55),5
(22,12,55),5
(58,26,53),6
(58,26,62),6
(58,26,15),6
(53,26,62),6
(53,26,15),6
(62,26,15),6
(25,28,19),7
(25,28,57),7
(25,28,62),7
(25,28,7),7
(19,28,57),7
(19,28,62),7
(19,28,7),7
(57,28,62),7
(57,28,7),7
(62,28,7),7
(32,25,57),8
(32,25,34),8
(32,25,13),8
(32,25,55),8
(57,25,34),8
(57,25,13),8
(57,25,55),8
(34,25,13),8
(34,25,55),8
(13,25,55),8
(42,55,27),9
(42,55,54),9
(42,55,7),9
(27,55,54),9
(27,55,7),9
(54,55,7),9
(40,39,51),10
(40,39,53),10
(40,39,22),10
(40,39,7),10
(51,39,53),10
(51,39,22),10
(51,39,7),10
(53,39,22),10
(53,39,7),10
(22,39,7),10
(17,7,18),11
(17,7,20),11
(17,7,30),11
(17,7,57),11
(18,7,20),11
(18,7,30),11
(18,7,57),11
(20,7,30),11
(20,7,57),11
(30,7,57),11
(31,57,2),12
(31,57,35),12
(31,57,15),12
(2,57,35),12
(2,57,15),12
(35,57,15),12
(0,20,34),13
(0,20,10),13
(0,20,42),13
(0,20,31),13
(34,20,10),13
(34,20,42),13
(34,20,31),13
(10,20,42),13
(10,20,31),13
(42,20,31),13
(17,31,18),14
(17,31,30),14
(17,31,22),14
(18,31,30),14
(18,31,22),14
(30,31,22),14
(24,49,33),15
(24,49,2),15
(24,49,19),15
(24,49,50),15
(33,49,2),15
(33,49,19),15
(33,49,50),15
(2,49,19),15
(2,49,50),15
(19,49,50),15
(48,51,41),16
(48,51,59),16
(48,51,3),16
(48,51,27),16
(41,51,59),16
(41,51,3),16
(41,51,27),16
(59,51,3),16
(59,51,27),16
(3,51,27),16
(0,3,40),17
(0,3,2),17
(0,3,58),17
(0,3,61),17
(40,3,2),17
(40,3,58),17
(40,3,61),17
(2,3,58),17
(2,3,61),17
(58,3,61),17
(56,41,33),18
(56,41,34),18
(56,41,23),18
(56,41,1),18
(33,41,34),18
(33,41,23),18
(33,41,1),18
(34,41,23),18
(34,41,1),18
(23,41,1),18
(32,33,10),19
(32,33,35),19
(32,33,21),19
(32,33,14),19
(10,33,35),19
(10,33,21),19
(10,33,14),19
(35,33,21),19
(35,33,14),19
(21,33,14),19
(0,14,9),20
(0,14,59),20
(0,14,60),20
(0,14,23),20
(9,14,59),20
(9,14,60),20
(9,14,23),20
(59,14,60),20
(59,14,23),20
(60,14,23),20
(32,9,40),21
(32,9,42),21
(32,9,52),21
(32,9,61),21
(40,9,42),21
(40,9,52),21
(40,9,61),21
(42,9,52),21
(42,9,61),21
(52,9,61),21
(24,32,2),22
(24,32,53),22
(24,32,30),22
(2,32,53),22
(2,32,30),22
(53,32,30),22
(16,2,1),23
(16,2,36),23
(16,2,5),23
(16,2,4),23
(1,2,36),23
(1,2,5),23
(1,2,4),23
(36,2,5),23
(36,2,4),23
(5,2,4),23
(23,4,44),24
(23,4,22),24
(23,4,38),24
(23,4,15),24
(44,4,22),24
(44,4,38),24
(44,4,15),24
(22,4,38),24
(22,4,15),24
(38,4,15),24
(40,16,50),25
(40,16,27),25
(40,16,36),25
(40,16,58),25
(50,16,27),25
(50,16,36),25
(50,16,58),25
(27,16,36),25
(27,16,58),25
(36,16,58),25
(56,36,35),26
(56,36,30),26
(56,36,22),26
(35,36,30),26
(35,36,22),26
(30,36,22),26
(56,22,10),27
(56,22,44),27
(56,22,18),27
(10,22,44),27
(10,22,18),27
(44,22,18),27
(63,40,60),28
(63,40,38),28
(63,40,23),28
(60,40,38),28
(60,40,23),28
(38,40,23),28
(62,58,37),29
(62,58,46),29
(62,58,61),29
(37,58,46),29
(37,58,61),29
(46,58,61),29
(30,62,5),30
(30,62,46),30
(30,62,13),30
(5,62,46),30
(5,62,13),30
(46,62,13),30
(17,24,19),31
(17,24,37),31
(17,24,63),31
(17,24,15),31
(19,24,37),31
(19,24,63),31
(19,24,15),31
(37,24,63),31
(37,24,15),31
(63,24,15),31
(50,17,59),32
(50,17,10),32
(50,17,35),32
(50,17,37),32
(59,17,10),32
(59,17,35),32
(59,17,37),32
(10,17,35),32
(10,17,37),32
(35,17,37),32
(56,19,18),33
(56,19,15),33
(56,19,5),33
(56,19,45),33
(18,19,15),33
(18,19,5),33
(18,19,45),33
(15,19,5),33
(15,19,45),33
(5,19,45),33
(34,37,30),34
(34,37,5),34
(34,37,46),34
(34,37,21),34
(30,37,5),34
(30,37,46),34
(30,37,21),34
(5,37,46),34
(5,37,21),34
(46,37,21),34
(34,21,63),35
(34,21,42),35
(34,21,38),35
(34,21,45),35
(63,21,42),35
(63,21,38),35
(63,21,45),35
(42,21,38),35
(42,21,45),35
(38,21,45),35
(30,38,60),36
(30,38,54),36
(30,38,46),36
(60,38,54),36
(60,38,46),36
(54,38,46),36
(56,30,60),37
(56,30,5),37
(56,30,46),37
(60,30,5),37
(60,30,46),37
(5,30,46),37
(0,42,34),38
(0,42,29),38
(0,42,46),38
(34,42,29),38
(34,42,46),38
(29,42,46),38
(0,48,56),39
(0,48,50),39
(0,48,13),39
(0,48,46),39
(56,48,50),39
(56,48,13),39
(56,48,46),39
(50,48,13),39
(50,48,46),39
(13,48,46),39
(60,13,27),40
(60,13,52),40
(60,13,45),40
(60,13,54),40
(27,13,52),40
(27,13,45),40
(27,13,54),40
(52,13,45),40
(52,13,54),40
(45,13,54),40
(0,50,59),41
(0,50,60),41
(0,50,45),41
(0,50,29),41
(59,50,60),41
(59,50,45),41
(59,50,29),41
(60,50,45),41
(60,50,29),41
(45,50,29),41
(27,0,53),42
(27,0,15),42
(27,0,5),42
(27,0,45),42
(53,0,15),42
(53,0,5),42
(53,0,45),42
(15,0,5),42
(15,0,45),42
(5,0,45),42
(56,45,1),43
(56,45,29),43
(56,45,23),43
(1,45,29),43
(1,45,23),43
(29,45,23),43
(34,53,35),44
(34,53,10),44
(34,53,54),44
(35,53,10),44
(35,53,54),44
(10,53,54),44
(23,1,63),45
(23,1,34),45
(23,1,35),45
(23,1,15),45
(63,1,34),45
(63,1,35),45
(63,1,15),45
(34,1,35),45
(34,1,15),45
(35,1,15),45
(27,35,44),46
(27,35,46),46
(27,35,15),46
(44,35,46),46
(44,35,15),46
(46,35,15),46
(60,15,61),47
(60,15,46),47
(61,15,46),47
(52,46,18),48
(52,46,44),48
(52,46,61),48
(18,46,44),48
(18,46,61),48
(44,46,61),48
(34,44,18),49
(34,44,10),49
(34,44,63),49
(18,44,10),49
(18,44,63),49
(10,44,63),49
(59,63,60),50
(59,63,61),50
(60,63,61),50
(34,60,10),51
(34,60,61),51
(10,60,61),51
(10,34,18),52
(10,34,29),52
(18,34,29),52
(59,10,23),53
(27,59,61),54
(27,59,54),54
(61,59,54),54
(52,61,29),55
(52,61,23),55
(29,61,23),55
(56,18,52),56
(56,18,54),56
(52,18,54),56
(56,52,5),57
(56,52,29),57
(5,52,29),57
(27,54,5),58
(27,54,29),58
(5,54,29),58
(56,27,5),59
(29,56,23),60
(5,29,23),61
