0 35 38 12 13 49 20 54 55 56 52 27 30
1 37 38 10 44 50 19 25 58 27 29
2 4 44 19 25 57 30
3 32 4 5 38 60 45 63 55 56 59 28 37
4 32 33 2 3 6 49 43 14 16 17 18 55 25 27
5 42 3 36 38 10 18 15 50 19 22 57 60 61 30
6 33 35 4 8 11 46 18 19 22 60 30 63
7 33 35 37 39 10 15 17 52 60
8 6 39 9 13 46 45 16 52 22 23 47 29 30 31
9 33 35 40 11 14 16 8 52 21 59 60 63
10 32 1 5 38 7 41 42 43 17 52 55 25
11 6 9 42 43 46 15 49 20 41 26 28 62 63
12 0 36 37 17 44 49 19 54 55 25 60
13 0 33 39 8 14 51 55 62
14 4 37 9 42 13 46 15 53 22 26 60 30
15 11 36 5 7 43 14 22 62
16 33 35 4 39 8 9 42 43 45 51 52 24 61 31
17 34 4 38 7 10 39 12 20 54 55 36 58 27
18 33 35 4 5 6 39 27 55 24 57 59 61 37
19 1 2 35 36 5 6 12 24 59 61 63
20 32 0 34 37 11 45 17 52 53 55 57 59
21 33 34 35 36 9 47 51 55 57 58 30
22 33 34 5 6 8 44 45 14 47 48 55 15 63
23 8 36 52 45
24 48 35 37 38 16 18 19 63
25 1 2 35 4 37 38 10 12 51 62
26 33 43 60 11 45 14 54 59 28 62 31
27 0 1 4 37 38 49 42 45 47 17 18 62
28 3 11 46 49 26 59 60 58
29 1 35 36 8 42 43 46 48 56
30 0 2 35 5 6 8 34 14 48 49 52 21 59 61 53
31 33 35 38 8 16 57 26
32 3 36 39 41 10 43 51 20 57 58 4
33 18 4 37 6 7 9 44 13 16 49 50 52 21 22 26 31
34 22 17 46 49 20 21 54 57 59 60 53 30 52
35 0 6 7 9 61 16 18 19 52 21 24 25 47 29 30 31
36 32 51 5 12 41 42 44 46 15 17 29 19 21 23 61 37
37 33 3 36 1 7 12 14 56 18 20 53 24 25 27 52 63
38 0 1 3 5 39 10 17 51 52 54 24 25 27 61 62 31
39 32 38 49 8 41 7 44 13 47 16 17 18 53 61 62
40 9 53 62 46 63
41 32 36 39 10 11 48 59 42 62 63
42 48 36 5 41 10 11 14 16 53 58 27 29
43 32 61 4 47 10 11 44 45 15 16 51 53 26 59 29 63
44 1 2 36 33 39 43 12 45 46 47 22 58 60
45 3 22 8 43 44 16 27 50 20 53 54 23 56 26 59 60
46 34 36 6 40 11 44 14 47 8 51 58 28 29 62
47 27 39 8 43 44 46 35 52 21 22 55 57 58 59 63
48 41 42 49 30 22 24 57 29 62
49 0 33 34 4 39 60 11 12 48 62 58 27 28 30
50 1 5 33 45 55 58 63
51 32 36 38 43 13 46 16 21 25
52 0 33 34 35 37 38 7 8 9 10 47 16 20 53 23 30
53 34 37 39 40 42 43 45 14 20 52 58 30 63
54 0 34 38 12 45 17 55 57 58 26
55 0 3 4 22 10 12 13 47 50 17 18 20 21 54
56 0 3 37 45 29 61 63
57 32 34 5 2 47 48 18 20 21 54 60 31
58 32 1 17 42 44 46 47 49 50 53 54 28 61 62 21
59 34 3 9 43 45 47 18 19 20 30 41 26 28 62
60 34 3 5 6 7 9 12 45 14 44 49 57 26 28
61 35 36 5 38 39 43 16 18 19 62 56 58 30
62 27 15 38 39 40 41 11 13 46 61 48 49 25 58 59 26
63 3 37 6 40 41 11 43 47 56 50 19 53 22 9 24
