Forbidden  Turns
(58,3,52),0
(61,8,63),1
(40,24,7),2
(32,26,17),3
(45,34,37),4
(33,37,39),5
(32,33,62),6
(5,49,63),8
(1,5,58),9
(57,51,10),10
(25,55,15),11
(52,56,29),12
(18,29,7),13
(10,61,31),14
(16,0,1),15
(16,0,45),15
(1,0,45),15
(10,1,38),16
(44,10,63),17
(42,38,53),18
(18,9,59),19
(18,9,46),19
(59,9,46),19
(18,11,44),20
(18,11,6),20
(44,11,6),20
(40,44,58),21
(25,40,21),22
(23,21,39),23
(35,25,7),24
(14,39,63),25
(4,14,53),26
(17,63,58),27
(31,13,19),28
(31,13,15),28
(19,13,15),28
(48,15,43),29
(32,43,23),30
(28,23,36),31
(57,48,35),32
(2,18,35),33
(2,18,6),33
(35,18,6),33
(17,2,60),34
(17,2,6),34
(60,2,6),34
(57,6,28),35
(17,28,12),36
(42,60,22),37
(27,22,47),38
(41,42,53),39
(57,53,50),40
(32,57,7),41
(16,7,50),42
(16,7,20),42
(50,7,20),42
(32,35,19),43
(32,35,54),43
(19,35,54),43
(36,54,45),44
(52,45,31),45
(41,36,46),46
(16,46,30),47
(19,30,4),48
(27,19,20),49
(32,20,17),50
(41,27,47),51
(50,41,12),52
(16,12,50),53
(17,4,47),56
(17,16,52),58
(32,59,58),60
(58,32,52),61
