(1,19,52),2
(1,19,33),2
(52,19,33),3
(20,33,54),5
(56,1,58),7
(56,1,60),7
(58,1,60),8
(20,25,38),10
(20,25,7),10
(38,25,7),11
(31,35,28),13
(31,35,55),13
(28,35,55),14
(24,31,40),16
(24,31,58),16
(40,31,58),17
(18,41,58),19
(18,41,6),19
(58,41,6),20
(44,61,6),22
(44,61,14),22
(6,61,14),23
(40,9,11),25
(40,9,3),25
(40,9,7),25
(11,9,3),26
(11,9,7),26
(3,9,7),27
(26,11,58),29
(26,11,30),29
(58,11,30),30
(50,58,52),32
(50,58,63),32
(52,58,63),33
(17,50,22),35
(17,50,63),35
(22,50,63),36
(3,7,47),38
(3,7,56),38
(3,7,30),38
(47,7,56),39
(47,7,30),39
(56,7,30),40
(56,30,57),42
(56,30,39),42
(57,30,39),43
(0,18,3),45
(0,18,59),45
(0,18,63),45
(3,18,59),46
(3,18,63),46
(59,18,63),47
(3,63,38),49
(3,63,46),49
(38,63,46),50
(10,46,45),52
(10,46,14),52
(45,46,14),53
(12,3,20),55
(12,3,59),55
(12,3,29),55
(20,3,59),56
(20,3,29),56
(59,3,29),57
(36,14,15),59
(36,14,22),59
(36,14,55),59
(15,14,22),60
(15,14,55),60
(22,14,55),61
(4,23,28),63
(4,23,29),63
(4,23,38),63
(28,23,29),64
(28,23,38),64
(29,23,38),65
(59,28,29),67
(59,28,6),67
(29,28,6),68
(59,4,20),70
(59,4,37),70
(59,4,54),70
(20,4,37),71
(20,4,54),71
(37,4,54),72
(8,6,43),74
(8,6,53),74
(8,6,59),74
(43,6,53),75
(43,6,59),75
(53,6,59),76
(27,53,44),78
(27,53,62),78
(44,53,62),79
(38,20,10),81
(38,20,54),81
(38,20,57),81
(10,20,54),82
(10,20,57),82
(54,20,57),83
(59,57,37),85
(59,57,15),85
(37,57,15),86
(32,27,16),88
(32,27,59),88
(32,27,15),88
(16,27,59),89
(16,27,15),89
(59,27,15),90
(39,15,16),92
(39,15,56),92
(39,15,29),92
(16,15,56),93
(16,15,29),93
(56,15,29),94
(55,39,29),96
(55,39,5),96
(29,39,5),97
(0,29,43),99
(0,29,49),99
(43,29,49),100
(42,43,60),102
(42,43,47),102
(60,43,47),103
(36,0,44),105
(36,0,12),105
(36,0,45),105
(44,0,12),106
(44,0,45),106
(12,0,45),107
(45,16,42),109
(45,16,13),109
(45,16,21),109
(42,16,13),110
(42,16,21),110
(13,16,21),111
(5,38,10),113
(5,38,55),113
(5,38,48),113
(10,38,55),114
(10,38,48),114
(55,38,48),115
(24,48,49),117
(24,48,5),117
(49,48,5),118
(32,5,56),120
(32,5,62),120
(56,5,62),121
(13,49,62),123
(13,49,37),123
(62,49,37),124
(44,55,52),126
(44,55,62),126
(52,55,62),127
(37,44,42),129
(37,44,21),129
(42,44,21),130
(37,52,40),132
(37,52,22),132
(40,52,22),133
(10,62,54),135
(10,62,26),135
(54,62,26),136
(45,54,22),138
(45,54,24),138
(22,54,24),139
(2,10,12),141
(2,10,22),141
(12,10,22),142
(13,22,24),144
(32,37,8),146
(32,37,24),146
(32,37,60),146
(8,37,24),147
(8,37,60),147
(24,37,60),148
(42,24,45),150
(42,24,13),150
(45,24,13),151
(32,45,8),153
(32,45,21),153
(8,45,21),154
(40,32,13),156
(40,32,17),156
(13,32,17),157
(36,8,42),159
(36,8,26),159
(42,8,26),160
(42,40,12),162
(42,40,47),162
(12,40,47),163
(2,12,21),165
(2,12,59),165
(21,12,59),166
(36,21,13),168
(42,2,17),170
(42,2,56),170
(42,2,60),170
(17,2,56),171
(17,2,60),171
(56,2,60),172
(13,42,59),174
(13,42,60),174
(59,42,60),175
(36,13,17),177
(36,13,47),177
(17,13,47),178
(17,36,26),180
(17,36,60),180
(26,36,60),181
(26,47,59),183
(26,47,60),183
(59,47,60),184
(56,26,60),186
(17,56,59),189
