 64  13
 [ 2 ] [ 5 ] [ 1 ] [ 5 ] [ 6 ] [ 1 ] [ 2 ] [ 3 ] [ 6 ] [ 3 ] [ 1 ] [ 3 ] [ 2 ] [ 5 ] [ 1 ] [ 5 ] [ 7 ] [ 5 ] [ 3 ] [ 6 ] [ 1 ] [ 5 ] [ 4 ] [ 6 ] [ 7 ] [ 2 ] [ 2 ] [ 1 ] [ 2 ] [ 3 ] [ 1 ] [ 2 ] [ 2 ] [ 2 ] [ 1 ] [ 6 ] [ 1 ] [ 2 ] [ 3 ] [ 3 ] [ 1 ] [ 2 ] [ 1 ] [ 5 ] [ 3 ] [ 3 ] [ 2 ] [ 3 ] [ 5 ] [ 4 ] [ 2 ] [ 3 ] [ 5 ] [ 1 ] [ 4 ] [ 2 ] [ 2 ] [ 1 ] [ 1 ] [ 5 ] [ 6 ] [ 1 ] [ 1 ] [ 7 ]
 [ -1 ] [ -1 ] [ -1 ] [ 4 ] [ 4 ] [ 0 ] [ -1 ] [ 4 ] [ -1 ] [ -1 ] [ 7 ] [ -1 ] [ -1 ] [ 7 ] [ 4 ] [ 4 ] [ 7 ] [ -1 ] [ -1 ] [ 4 ] [ -1 ] [ -1 ] [ 4 ] [ -1 ] [ 7 ] [ -1 ] [ -1 ] [ 7 ] [ -1 ] [ -1 ] [ -1 ] [ 7 ] [ -1 ] [ 4 ] [ 4 ] [ 4 ] [ 4 ] [ -1 ] [ -1 ] [ -1 ] [ -1 ] [ 4 ] [ 4 ] [ -1 ] [ 4 ] [ -1 ] [ -1 ] [ -1 ] [ -1 ] [ 4 ] [ -1 ] [ -1 ] [ -1 ] [ 4 ] [ 4 ] [ 4 ] [ -1 ] [ -1 ] [ -1 ] [ -1 ] [ -1 ] [ -1 ] [ -1 ] [ 7 ]
 [ -1 ] [ -1 ] [ -1 ] [ 4 ] [ 4 ] [ 0 ] [ -1 ] [ 4 ] [ -1 ] [ -1 ] [ 7 ] [ -1 ] [ -1 ] [ 7 ] [ 4 ] [ 4 ] [ 7 ] [ -1 ] [ -1 ] [ 4 ] [ -1 ] [ -1 ] [ 4 ] [ -1 ] [ 7 ] [ -1 ] [ -1 ] [ 7 ] [ -1 ] [ -1 ] [ -1 ] [ 7 ] [ -1 ] [ 4 ] [ 4 ] [ 4 ] [ 4 ] [ -1 ] [ -1 ] [ -1 ] [ -1 ] [ 4 ] [ 4 ] [ -1 ] [ 4 ] [ -1 ] [ -1 ] [ -1 ] [ -1 ] [ 4 ] [ -1 ] [ -1 ] [ -1 ] [ 4 ] [ 4 ] [ 4 ] [ -1 ] [ -1 ] [ -1 ] [ -1 ] [ -1 ] [ -1 ] [ -1 ] [ 7 ]
 [ -1 ] [ -1 ] [ -1 ] [ 4 ] [ 4 ] [ 0 ] [ -1 ] [ 4 ] [ -1 ] [ -1 ] [ 7 ] [ -1 ] [ -1 ] [ 7 ] [ 4 ] [ 4 ] [ 7 ] [ -1 ] [ -1 ] [ 4 ] [ -1 ] [ -1 ] [ 4 ] [ -1 ] [ 7 ] [ -1 ] [ -1 ] [ 7 ] [ -1 ] [ -1 ] [ -1 ] [ 7 ] [ -1 ] [ 4 ] [ 4 ] [ 4 ] [ 4 ] [ -1 ] [ -1 ] [ -1 ] [ -1 ] [ 4 ] [ 4 ] [ -1 ] [ 4 ] [ -1 ] [ -1 ] [ -1 ] [ -1 ] [ 4 ] [ -1 ] [ -1 ] [ -1 ] [ 4 ] [ 4 ] [ 4 ] [ -1 ] [ -1 ] [ -1 ] [ -1 ] [ -1 ] [ -1 ] [ -1 ] [ 7 ]
 [ 2 ] [ 5 ] [ 1 ] [ 5 ] [ 6 ] [ 0 ] [ 2 ] [ 3 ] [ 6 ] [ 3 ] [ 1 ] [ 3 ] [ 2 ] [ 5 ] [ 1 ] [ 5 ] [ 7 ] [ 5 ] [ 3 ] [ 6 ] [ 1 ] [ 5 ] [ 7 ] [ 6 ] [ 7 ] [ 2 ] [ 2 ] [ 1 ] [ 2 ] [ 3 ] [ 1 ] [ 2 ] [ 2 ] [ 2 ] [ 1 ] [ 6 ] [ 1 ] [ 2 ] [ 3 ] [ 3 ] [ 1 ] [ 2 ] [ 1 ] [ 5 ] [ 3 ] [ 3 ] [ 2 ] [ 3 ] [ 5 ] [ 5 ] [ 2 ] [ 3 ] [ 5 ] [ 1 ] [ 7 ] [ 2 ] [ 2 ] [ 1 ] [ 1 ] [ 5 ] [ 6 ] [ 1 ] [ 1 ] [ 7 ]
 [ -1 ] [ -1 ] [ -1 ] [ 4 ] [ 4 ] [ 0 ] [ -1 ] [ 4 ] [ -1 ] [ -1 ] [ 7 ] [ -1 ] [ -1 ] [ 7 ] [ 4 ] [ 4 ] [ 7 ] [ -1 ] [ -1 ] [ 4 ] [ -1 ] [ -1 ] [ 4 ] [ -1 ] [ 7 ] [ -1 ] [ -1 ] [ 7 ] [ -1 ] [ -1 ] [ -1 ] [ 7 ] [ -1 ] [ 4 ] [ 4 ] [ 4 ] [ 4 ] [ -1 ] [ -1 ] [ -1 ] [ -1 ] [ 4 ] [ 4 ] [ -1 ] [ 4 ] [ -1 ] [ -1 ] [ -1 ] [ -1 ] [ 4 ] [ -1 ] [ -1 ] [ -1 ] [ 4 ] [ 4 ] [ 4 ] [ -1 ] [ -1 ] [ -1 ] [ -1 ] [ -1 ] [ -1 ] [ -1 ] [ 7 ]
 [ -1 ] [ -1 ] [ -1 ] [ 4 ] [ 4 ] [ 0 ] [ -1 ] [ 4 ] [ -1 ] [ -1 ] [ 7 ] [ -1 ] [ -1 ] [ 7 ] [ 4 ] [ 4 ] [ 7 ] [ -1 ] [ -1 ] [ 4 ] [ -1 ] [ -1 ] [ 4 ] [ -1 ] [ 7 ] [ -1 ] [ -1 ] [ 7 ] [ -1 ] [ -1 ] [ -1 ] [ 7 ] [ -1 ] [ 4 ] [ 4 ] [ 4 ] [ 4 ] [ -1 ] [ -1 ] [ -1 ] [ -1 ] [ 4 ] [ 4 ] [ -1 ] [ 4 ] [ -1 ] [ -1 ] [ -1 ] [ -1 ] [ 4 ] [ -1 ] [ -1 ] [ -1 ] [ 4 ] [ 4 ] [ 4 ] [ -1 ] [ -1 ] [ -1 ] [ -1 ] [ -1 ] [ -1 ] [ -1 ] [ 7 ]
 [ 2 ] [ 5 ] [ 1 ] [ 5 ] [ 6 ] [ 0 ] [ 2 ] [ 3 ] [ 6 ] [ 3 ] [ 1 ] [ 3 ] [ 2 ] [ 5 ] [ 1 ] [ 5 ] [ 1 ] [ 5 ] [ 3 ] [ 6 ] [ 1 ] [ 5 ] [ 4 ] [ 6 ] [ 1 ] [ 2 ] [ 2 ] [ 1 ] [ 2 ] [ 3 ] [ 1 ] [ 2 ] [ 2 ] [ 2 ] [ 1 ] [ 6 ] [ 1 ] [ 2 ] [ 3 ] [ 3 ] [ 1 ] [ 2 ] [ 1 ] [ 5 ] [ 3 ] [ 3 ] [ 2 ] [ 3 ] [ 5 ] [ 4 ] [ 2 ] [ 3 ] [ 5 ] [ 1 ] [ 4 ] [ 2 ] [ 2 ] [ 1 ] [ 1 ] [ 5 ] [ 6 ] [ 1 ] [ 1 ] [ 1 ]
 [ -1 ] [ -1 ] [ -1 ] [ -1 ] [ -1 ] [ 0 ] [ -1 ] [ -1 ] [ -1 ] [ -1 ] [ -1 ] [ -1 ] [ -1 ] [ -1 ] [ -1 ] [ -1 ] [ -1 ] [ -1 ] [ -1 ] [ -1 ] [ -1 ] [ -1 ] [ -1 ] [ -1 ] [ -1 ] [ -1 ] [ -1 ] [ -1 ] [ -1 ] [ -1 ] [ -1 ] [ -1 ] [ -1 ] [ -1 ] [ -1 ] [ -1 ] [ -1 ] [ -1 ] [ -1 ] [ -1 ] [ -1 ] [ -1 ] [ -1 ] [ -1 ] [ -1 ] [ -1 ] [ -1 ] [ -1 ] [ -1 ] [ -1 ] [ -1 ] [ -1 ] [ -1 ] [ -1 ] [ -1 ] [ -1 ] [ -1 ] [ -1 ] [ -1 ] [ -1 ] [ -1 ] [ -1 ] [ -1 ] [ -1 ]
 [ -1 ] [ -1 ] [ -1 ] [ -1 ] [ -1 ] [ 0 ] [ -1 ] [ -1 ] [ -1 ] [ -1 ] [ -1 ] [ -1 ] [ -1 ] [ -1 ] [ -1 ] [ -1 ] [ -1 ] [ -1 ] [ -1 ] [ -1 ] [ -1 ] [ -1 ] [ -1 ] [ -1 ] [ -1 ] [ -1 ] [ -1 ] [ -1 ] [ -1 ] [ -1 ] [ -1 ] [ -1 ] [ -1 ] [ -1 ] [ -1 ] [ -1 ] [ -1 ] [ -1 ] [ -1 ] [ -1 ] [ -1 ] [ -1 ] [ -1 ] [ -1 ] [ -1 ] [ -1 ] [ -1 ] [ -1 ] [ -1 ] [ -1 ] [ -1 ] [ -1 ] [ -1 ] [ -1 ] [ -1 ] [ -1 ] [ -1 ] [ -1 ] [ -1 ] [ -1 ] [ -1 ] [ -1 ] [ -1 ] [ -1 ]
 [ -1 ] [ -1 ] [ -1 ] [ -1 ] [ -1 ] [ 0 ] [ -1 ] [ -1 ] [ -1 ] [ -1 ] [ -1 ] [ -1 ] [ -1 ] [ -1 ] [ -1 ] [ -1 ] [ -1 ] [ -1 ] [ -1 ] [ -1 ] [ -1 ] [ -1 ] [ -1 ] [ -1 ] [ -1 ] [ -1 ] [ -1 ] [ -1 ] [ -1 ] [ -1 ] [ -1 ] [ -1 ] [ -1 ] [ -1 ] [ -1 ] [ -1 ] [ -1 ] [ -1 ] [ -1 ] [ -1 ] [ -1 ] [ -1 ] [ -1 ] [ -1 ] [ -1 ] [ -1 ] [ -1 ] [ -1 ] [ -1 ] [ -1 ] [ -1 ] [ -1 ] [ -1 ] [ -1 ] [ -1 ] [ -1 ] [ -1 ] [ -1 ] [ -1 ] [ -1 ] [ -1 ] [ -1 ] [ -1 ] [ -1 ]
 [ -1 ] [ -1 ] [ -1 ] [ -1 ] [ -1 ] [ 0 ] [ -1 ] [ -1 ] [ -1 ] [ -1 ] [ -1 ] [ -1 ] [ -1 ] [ -1 ] [ -1 ] [ -1 ] [ -1 ] [ -1 ] [ -1 ] [ -1 ] [ -1 ] [ -1 ] [ -1 ] [ -1 ] [ -1 ] [ -1 ] [ -1 ] [ -1 ] [ -1 ] [ -1 ] [ -1 ] [ -1 ] [ -1 ] [ -1 ] [ -1 ] [ -1 ] [ -1 ] [ -1 ] [ -1 ] [ -1 ] [ -1 ] [ -1 ] [ -1 ] [ -1 ] [ -1 ] [ -1 ] [ -1 ] [ -1 ] [ -1 ] [ -1 ] [ -1 ] [ -1 ] [ -1 ] [ -1 ] [ -1 ] [ -1 ] [ -1 ] [ -1 ] [ -1 ] [ -1 ] [ -1 ] [ -1 ] [ -1 ] [ -1 ]
 [ -1 ] [ -1 ] [ -1 ] [ -1 ] [ -1 ] [ 0 ] [ -1 ] [ -1 ] [ -1 ] [ -1 ] [ -1 ] [ -1 ] [ -1 ] [ -1 ] [ -1 ] [ -1 ] [ -1 ] [ -1 ] [ -1 ] [ -1 ] [ -1 ] [ -1 ] [ -1 ] [ -1 ] [ -1 ] [ -1 ] [ -1 ] [ -1 ] [ -1 ] [ -1 ] [ -1 ] [ -1 ] [ -1 ] [ -1 ] [ -1 ] [ -1 ] [ -1 ] [ -1 ] [ -1 ] [ -1 ] [ -1 ] [ -1 ] [ -1 ] [ -1 ] [ -1 ] [ -1 ] [ -1 ] [ -1 ] [ -1 ] [ -1 ] [ -1 ] [ -1 ] [ -1 ] [ -1 ] [ -1 ] [ -1 ] [ -1 ] [ -1 ] [ -1 ] [ -1 ] [ -1 ] [ -1 ] [ -1 ] [ -1 ]
 [ -1 ] [ -1 ] [ -1 ] [ -1 ] [ -1 ] [ 0 ] [ -1 ] [ -1 ] [ -1 ] [ -1 ] [ -1 ] [ -1 ] [ -1 ] [ -1 ] [ -1 ] [ -1 ] [ -1 ] [ -1 ] [ -1 ] [ -1 ] [ -1 ] [ -1 ] [ -1 ] [ -1 ] [ -1 ] [ -1 ] [ -1 ] [ -1 ] [ -1 ] [ -1 ] [ -1 ] [ -1 ] [ -1 ] [ -1 ] [ -1 ] [ -1 ] [ -1 ] [ -1 ] [ -1 ] [ -1 ] [ -1 ] [ -1 ] [ -1 ] [ -1 ] [ -1 ] [ -1 ] [ -1 ] [ -1 ] [ -1 ] [ -1 ] [ -1 ] [ -1 ] [ -1 ] [ -1 ] [ -1 ] [ -1 ] [ -1 ] [ -1 ] [ -1 ] [ -1 ] [ -1 ] [ -1 ] [ -1 ] [ -1 ]
