(33,34,35),0
(33,34,22),0
(33,34,54),0
(33,34,55),0
(33,34,25),0
(33,34,5),0
(35,34,22),1
(35,34,54),1
(35,34,55),1
(35,34,25),1
(35,34,5),1
(22,34,54),2
(22,34,55),2
(22,34,25),2
(22,34,5),2
(54,34,55),3
(54,34,25),3
(54,34,5),3
(55,34,25),4
(55,34,5),4
(25,34,5),5
(1,39,12),7
(1,39,13),7
(1,39,45),7
(1,39,18),7
(1,39,53),7
(1,39,63),7
(12,39,13),8
(12,39,45),8
(12,39,18),8
(12,39,53),8
(12,39,63),8
(13,39,45),9
(13,39,18),9
(13,39,53),9
(13,39,63),9
(45,39,18),10
(45,39,53),10
(45,39,63),10
(18,39,53),11
(18,39,63),11
(53,39,63),12
(6,40,38),14
(6,40,43),14
(6,40,13),14
(6,40,51),14
(6,40,55),14
(6,40,59),14
(38,40,43),15
(38,40,13),15
(38,40,51),15
(38,40,55),15
(38,40,59),15
(43,40,13),16
(43,40,51),16
(43,40,55),16
(43,40,59),16
(13,40,51),17
(13,40,55),17
(13,40,59),17
(51,40,55),18
(51,40,59),18
(55,40,59),19
(5,55,43),21
(5,55,2),21
(5,55,49),21
(5,55,20),21
(5,55,23),21
(5,55,24),21
(43,55,2),22
(43,55,49),22
(43,55,20),22
(43,55,23),22
(43,55,24),22
(2,55,49),23
(2,55,20),23
(2,55,23),23
(2,55,24),23
(49,55,20),24
(49,55,23),24
(49,55,24),24
(20,55,23),25
(20,55,24),25
(23,55,24),26
(3,0,41),28
(3,0,45),28
(3,0,14),28
(3,0,16),28
(3,0,23),28
(3,0,57),28
(3,0,63),28
(41,0,45),29
(41,0,14),29
(41,0,16),29
(41,0,23),29
(41,0,57),29
(41,0,63),29
(45,0,14),30
(45,0,16),30
(45,0,23),30
(45,0,57),30
(45,0,63),30
(14,0,16),31
(14,0,23),31
(14,0,57),31
(14,0,63),31
(16,0,23),32
(16,0,57),32
(16,0,63),32
(23,0,57),33
(23,0,63),33
(57,0,63),34
(4,13,12),36
(4,13,44),36
(4,13,17),36
(4,13,52),36
(4,13,28),36
(4,13,29),36
(4,13,63),36
(12,13,44),37
(12,13,17),37
(12,13,52),37
(12,13,28),37
(12,13,29),37
(12,13,63),37
(44,13,17),38
(44,13,52),38
(44,13,28),38
(44,13,29),38
(44,13,63),38
(17,13,52),39
(17,13,28),39
(17,13,29),39
(17,13,63),39
(52,13,28),40
(52,13,29),40
(52,13,63),40
(28,13,29),41
(28,13,63),41
(29,13,63),42
(36,17,11),44
(36,17,14),44
(36,17,18),44
(36,17,19),44
(36,17,23),44
(36,17,56),44
(36,17,60),44
(11,17,14),45
(11,17,18),45
(11,17,19),45
(11,17,23),45
(11,17,56),45
(11,17,60),45
(14,17,18),46
(14,17,19),46
(14,17,23),46
(14,17,56),46
(14,17,60),46
(18,17,19),47
(18,17,23),47
(18,17,56),47
(18,17,60),47
(19,17,23),48
(19,17,56),48
(19,17,60),48
(23,17,56),49
(23,17,60),49
(56,17,60),50
(35,28,4),52
(35,28,5),52
(35,28,9),52
(35,28,12),52
(35,28,50),52
(35,28,26),52
(35,28,59),52
(4,28,5),53
(4,28,9),53
(4,28,12),53
(4,28,50),53
(4,28,26),53
(4,28,59),53
(5,28,9),54
(5,28,12),54
(5,28,50),54
(5,28,26),54
(5,28,59),54
(9,28,12),55
(9,28,50),55
(9,28,26),55
(9,28,59),55
(12,28,50),56
(12,28,26),56
(12,28,59),56
(50,28,26),57
(50,28,59),57
(26,28,59),58
(8,5,41),60
(8,5,11),60
(8,5,45),60
(8,5,15),60
(8,5,54),60
(8,5,56),60
(8,5,30),60
(41,5,11),61
(41,5,45),61
(41,5,15),61
(41,5,54),61
(41,5,56),61
(41,5,30),61
(11,5,45),62
(11,5,15),62
(11,5,54),62
(11,5,56),62
(11,5,30),62
(45,5,15),63
(45,5,54),63
(45,5,56),63
(45,5,30),63
(15,5,54),64
(15,5,56),64
(15,5,30),64
(54,5,56),65
(54,5,30),65
(56,5,30),66
(1,36,35),68
(1,36,33),68
(1,36,8),68
(1,36,47),68
(1,36,20),68
(1,36,53),68
(1,36,26),68
(35,36,33),69
(35,36,8),69
(35,36,47),69
(35,36,20),69
(35,36,53),69
(35,36,26),69
(33,36,8),70
(33,36,47),70
(33,36,20),70
(33,36,53),70
(33,36,26),70
(8,36,47),71
(8,36,20),71
(8,36,53),71
(8,36,26),71
(47,36,20),72
(47,36,53),72
(47,36,26),72
(20,36,53),73
(20,36,26),73
(53,36,26),74
(32,20,7),76
(32,20,12),76
(32,20,14),76
(32,20,54),76
(32,20,56),76
(32,20,57),76
(32,20,26),76
(7,20,12),77
(7,20,14),77
(7,20,54),77
(7,20,56),77
(7,20,57),77
(7,20,26),77
(12,20,14),78
(12,20,54),78
(12,20,56),78
(12,20,57),78
(12,20,26),78
(14,20,54),79
(14,20,56),79
(14,20,57),79
(14,20,26),79
(54,20,56),80
(54,20,57),80
(54,20,26),80
(56,20,57),81
(56,20,26),81
(57,20,26),82
(3,56,16),84
(3,56,50),84
(3,56,19),84
(3,56,25),84
(3,56,26),84
(3,56,37),84
(16,56,50),85
(16,56,19),85
(16,56,25),85
(16,56,26),85
(16,56,37),85
(50,56,19),86
(50,56,25),86
(50,56,26),86
(50,56,37),86
(19,56,25),87
(19,56,26),87
(19,56,37),87
(25,56,26),88
(25,56,37),88
(26,56,37),89
(1,22,33),91
(1,22,41),91
(1,22,44),91
(1,22,12),91
(1,22,52),91
(1,22,25),91
(1,22,59),91
(1,22,62),91
(33,22,41),92
(33,22,44),92
(33,22,12),92
(33,22,52),92
(33,22,25),92
(33,22,59),92
(33,22,62),92
(41,22,44),93
(41,22,12),93
(41,22,52),93
(41,22,25),93
(41,22,59),93
(41,22,62),93
(44,22,12),94
(44,22,52),94
(44,22,25),94
(44,22,59),94
(44,22,62),94
(12,22,52),95
(12,22,25),95
(12,22,59),95
(12,22,62),95
(52,22,25),96
(52,22,59),96
(52,22,62),96
(25,22,59),97
(25,22,62),97
(59,22,62),98
(3,44,6),100
(3,44,11),100
(3,44,52),100
(3,44,53),100
(3,44,54),100
(3,44,23),100
(3,44,60),100
(6,44,11),101
(6,44,52),101
(6,44,53),101
(6,44,54),101
(6,44,23),101
(6,44,60),101
(11,44,52),102
(11,44,53),102
(11,44,54),102
(11,44,23),102
(11,44,60),102
(52,44,53),103
(52,44,54),103
(52,44,23),103
(52,44,60),103
(53,44,54),104
(53,44,23),104
(53,44,60),104
(54,44,23),105
(54,44,60),105
(23,44,60),106
(4,23,7),108
(4,23,31),108
(4,23,15),108
(4,23,19),108
(4,23,52),108
(4,23,27),108
(4,23,63),108
(7,23,31),109
(7,23,15),109
(7,23,19),109
(7,23,52),109
(7,23,27),109
(7,23,63),109
(31,23,15),110
(31,23,19),110
(31,23,52),110
(31,23,27),110
(31,23,63),110
(15,23,19),111
(15,23,52),111
(15,23,27),111
(15,23,63),111
(19,23,52),112
(19,23,27),112
(19,23,63),112
(52,23,27),113
(52,23,63),113
(27,23,63),114
(33,54,3),116
(33,54,6),116
(33,54,41),116
(33,54,38),116
(33,54,60),116
(33,54,37),116
(33,54,63),116
(3,54,6),117
(3,54,41),117
(3,54,38),117
(3,54,60),117
(3,54,37),117
(3,54,63),117
(6,54,41),118
(6,54,38),118
(6,54,60),118
(6,54,37),118
(6,54,63),118
(41,54,38),119
(41,54,60),119
(41,54,37),119
(41,54,63),119
(38,54,60),120
(38,54,37),120
(38,54,63),120
(60,54,37),121
(60,54,63),121
(37,54,63),122
(3,1,35),124
(3,1,8),124
(3,1,41),124
(3,1,7),124
(3,1,18),124
(3,1,51),124
(3,1,52),124
(3,1,27),124
(35,1,8),125
(35,1,41),125
(35,1,7),125
(35,1,18),125
(35,1,51),125
(35,1,52),125
(35,1,27),125
(8,1,41),126
(8,1,7),126
(8,1,18),126
(8,1,51),126
(8,1,52),126
(8,1,27),126
(41,1,7),127
(41,1,18),127
(41,1,51),127
(41,1,52),127
(41,1,27),127
(7,1,18),128
(7,1,51),128
(7,1,52),128
(7,1,27),128
(18,1,51),129
(18,1,52),129
(18,1,27),129
(51,1,52),130
(51,1,27),130
(52,1,27),131
(32,4,41),133
(32,4,12),133
(32,4,51),133
(32,4,21),133
(32,4,24),133
(32,4,58),133
(32,4,30),133
(32,4,63),133
(41,4,12),134
(41,4,51),134
(41,4,21),134
(41,4,24),134
(41,4,58),134
(41,4,30),134
(41,4,63),134
(12,4,51),135
(12,4,21),135
(12,4,24),135
(12,4,58),135
(12,4,30),135
(12,4,63),135
(51,4,21),136
(51,4,24),136
(51,4,58),136
(51,4,30),136
(51,4,63),136
(21,4,24),137
(21,4,58),137
(21,4,30),137
(21,4,63),137
(24,4,58),138
(24,4,30),138
(24,4,63),138
(58,4,30),139
(58,4,63),139
(30,4,63),140
(7,12,8),142
(7,12,61),142
(7,12,48),142
(7,12,50),142
(7,12,19),142
(7,12,58),142
(7,12,29),142
(8,12,61),143
(8,12,48),143
(8,12,50),143
(8,12,19),143
(8,12,58),143
(8,12,29),143
(61,12,48),144
(61,12,50),144
(61,12,19),144
(61,12,58),144
(61,12,29),144
(48,12,50),145
(48,12,19),145
(48,12,58),145
(48,12,29),145
(50,12,19),146
(50,12,58),146
(50,12,29),146
(19,12,58),147
(19,12,29),147
(58,12,29),148
(35,8,61),150
(35,8,49),150
(35,8,50),150
(35,8,24),150
(35,8,25),150
(35,8,29),150
(35,8,31),150
(61,8,49),151
(61,8,50),151
(61,8,24),151
(61,8,25),151
(61,8,29),151
(61,8,31),151
(49,8,50),152
(49,8,24),152
(49,8,25),152
(49,8,29),152
(49,8,31),152
(50,8,24),153
(50,8,25),153
(50,8,29),153
(50,8,31),153
(24,8,25),154
(24,8,29),154
(24,8,31),154
(25,8,29),155
(25,8,31),155
(29,8,31),156
(3,19,38),158
(3,19,7),158
(3,19,9),158
(3,19,50),158
(3,19,52),158
(3,19,53),158
(3,19,29),158
(38,19,7),159
(38,19,9),159
(38,19,50),159
(38,19,52),159
(38,19,53),159
(38,19,29),159
(7,19,9),160
(7,19,50),160
(7,19,52),160
(7,19,53),160
(7,19,29),160
(9,19,50),161
(9,19,52),161
(9,19,53),161
(9,19,29),161
(50,19,52),162
(50,19,53),162
(50,19,29),162
(52,19,53),163
(52,19,29),163
(53,19,29),164
(32,50,35),166
(32,50,9),166
(32,50,45),166
(32,50,25),166
(32,50,61),166
(32,50,30),166
(35,50,9),167
(35,50,45),167
(35,50,25),167
(35,50,61),167
(35,50,30),167
(9,50,45),168
(9,50,25),168
(9,50,61),168
(9,50,30),168
(45,50,25),169
(45,50,61),169
(45,50,30),169
(25,50,61),170
(25,50,30),170
(61,50,30),171
(3,24,10),173
(3,24,43),173
(3,24,45),173
(3,24,15),173
(3,24,49),173
(3,24,51),173
(3,24,60),173
(10,24,43),174
(10,24,45),174
(10,24,15),174
(10,24,49),174
(10,24,51),174
(10,24,60),174
(43,24,45),175
(43,24,15),175
(43,24,49),175
(43,24,51),175
(43,24,60),175
(45,24,15),176
(45,24,49),176
(45,24,51),176
(45,24,60),176
(15,24,49),177
(15,24,51),177
(15,24,60),177
(49,24,51),178
(49,24,60),178
(51,24,60),179
(43,25,7),181
(43,25,42),181
(43,25,11),181
(43,25,47),181
(43,25,48),181
(43,25,53),181
(43,25,27),181
(7,25,42),182
(7,25,11),182
(7,25,47),182
(7,25,48),182
(7,25,53),182
(7,25,27),182
(42,25,11),183
(42,25,47),183
(42,25,48),183
(42,25,53),183
(42,25,27),183
(11,25,47),184
(11,25,48),184
(11,25,53),184
(11,25,27),184
(47,25,48),185
(47,25,53),185
(47,25,27),185
(48,25,53),186
(48,25,27),186
(53,25,27),187
(2,31,41),189
(2,31,42),189
(2,31,11),189
(2,31,46),189
(2,31,18),189
(2,31,14),189
(2,31,27),189
(41,31,42),190
(41,31,11),190
(41,31,46),190
(41,31,18),190
(41,31,14),190
(41,31,27),190
(42,31,11),191
(42,31,46),191
(42,31,18),191
(42,31,14),191
(42,31,27),191
(11,31,46),192
(11,31,18),192
(11,31,14),192
(11,31,27),192
(46,31,18),193
(46,31,14),193
(46,31,27),193
(18,31,14),194
(18,31,27),194
(14,31,27),195
(35,41,6),197
(35,41,9),197
(35,41,10),197
(35,41,45),197
(35,41,51),197
(35,41,60),197
(35,41,37),197
(6,41,9),198
(6,41,10),198
(6,41,45),198
(6,41,51),198
(6,41,60),198
(6,41,37),198
(9,41,10),199
(9,41,45),199
(9,41,51),199
(9,41,60),199
(9,41,37),199
(10,41,45),200
(10,41,51),200
(10,41,60),200
(10,41,37),200
(45,41,51),201
(45,41,60),201
(45,41,37),201
(51,41,60),202
(51,41,37),202
(60,41,37),203
(32,45,2),205
(32,45,6),205
(32,45,18),205
(32,45,52),205
(32,45,21),205
(32,45,61),205
(2,45,6),206
(2,45,18),206
(2,45,52),206
(2,45,21),206
(2,45,61),206
(6,45,18),207
(6,45,52),207
(6,45,21),207
(6,45,61),207
(18,45,52),208
(18,45,21),208
(18,45,61),208
(52,45,21),209
(52,45,61),209
(21,45,61),210
(32,51,14),212
(32,51,48),212
(32,51,21),212
(32,51,59),212
(32,51,62),212
(32,51,63),212
(14,51,48),213
(14,51,21),213
(14,51,59),213
(14,51,62),213
(14,51,63),213
(48,51,21),214
(48,51,59),214
(48,51,62),214
(48,51,63),214
(21,51,59),215
(21,51,62),215
(21,51,63),215
(59,51,62),216
(59,51,63),216
(62,51,63),217
(33,32,37),219
(33,32,6),219
(33,32,10),219
(33,32,14),219
(33,32,49),219
(33,32,27),219
(37,32,6),220
(37,32,10),220
(37,32,14),220
(37,32,49),220
(37,32,27),220
(6,32,10),221
(6,32,14),221
(6,32,49),221
(6,32,27),221
(10,32,14),222
(10,32,49),222
(10,32,27),222
(14,32,49),223
(14,32,27),223
(49,32,27),224
(10,37,11),226
(10,37,46),226
(10,37,48),226
(10,37,52),226
(10,37,9),226
(10,37,27),226
(11,37,46),227
(11,37,48),227
(11,37,52),227
(11,37,9),227
(11,37,27),227
(46,37,48),228
(46,37,52),228
(46,37,9),228
(46,37,27),228
(48,37,52),229
(48,37,9),229
(48,37,27),229
(52,37,9),230
(52,37,27),230
(9,37,27),231
(2,48,10),233
(2,48,43),233
(2,48,46),233
(2,48,49),233
(2,48,61),233
(10,48,43),234
(10,48,46),234
(10,48,49),234
(10,48,61),234
(43,48,46),235
(43,48,49),235
(43,48,61),235
(46,48,49),236
(46,48,61),236
(49,48,61),237
(16,49,38),239
(16,49,7),239
(16,49,47),239
(16,49,61),239
(16,49,30),239
(38,49,7),240
(38,49,47),240
(38,49,61),240
(38,49,30),240
(7,49,47),241
(7,49,61),241
(7,49,30),241
(47,49,61),242
(47,49,30),242
(61,49,30),243
(3,52,6),245
(3,52,47),245
(3,52,18),245
(3,52,57),245
(3,52,62),245
(6,52,47),246
(6,52,18),246
(6,52,57),246
(6,52,62),246
(47,52,18),247
(47,52,57),247
(47,52,62),247
(18,52,57),248
(18,52,62),248
(57,52,62),249
(43,6,16),251
(43,6,18),251
(43,6,9),251
(43,6,60),251
(43,6,29),251
(43,6,30),251
(16,6,18),252
(16,6,9),252
(16,6,60),252
(16,6,29),252
(16,6,30),252
(18,6,9),253
(18,6,60),253
(18,6,29),253
(18,6,30),253
(9,6,60),254
(9,6,29),254
(9,6,30),254
(60,6,29),255
(60,6,30),255
(29,6,30),256
(38,9,47),258
(38,9,16),258
(38,9,53),258
(38,9,57),258
(38,9,27),258
(47,9,16),259
(47,9,53),259
(47,9,57),259
(47,9,27),259
(16,9,53),260
(16,9,57),260
(16,9,27),260
(53,9,57),261
(53,9,27),261
(57,9,27),262
(33,18,10),264
(33,18,53),264
(33,18,61),264
(33,18,30),264
(33,18,63),264
(10,18,53),265
(10,18,61),265
(10,18,30),265
(10,18,63),265
(53,18,61),266
(53,18,30),266
(53,18,63),266
(61,18,30),267
(61,18,63),267
(30,18,63),268
(33,27,3),270
(33,27,10),270
(33,27,30),270
(33,27,60),270
(33,27,62),270
(3,27,10),271
(3,27,30),271
(3,27,60),271
(3,27,62),271
(10,27,30),272
(10,27,60),272
(10,27,62),272
(30,27,60),273
(30,27,62),273
(60,27,62),274
(33,30,59),276
(33,30,10),276
(33,30,11),276
(33,30,35),276
(33,30,29),276
(59,30,10),277
(59,30,11),277
(59,30,35),277
(59,30,29),277
(10,30,11),278
(10,30,35),278
(10,30,29),278
(11,30,35),279
(11,30,29),279
(35,30,29),280
(2,43,35),282
(2,43,7),282
(2,43,10),282
(2,43,11),282
(2,43,15),282
(35,43,7),283
(35,43,10),283
(35,43,11),283
(35,43,15),283
(7,43,10),284
(7,43,11),284
(7,43,15),284
(10,43,11),285
(10,43,15),285
(11,43,15),286
(2,47,38),288
(2,47,15),288
(2,47,21),288
(2,47,57),288
(2,47,26),288
(38,47,15),289
(38,47,21),289
(38,47,57),289
(38,47,26),289
(15,47,21),290
(15,47,57),290
(15,47,26),290
(21,47,57),291
(21,47,26),291
(57,47,26),292
(35,57,11),294
(35,57,46),294
(35,57,26),294
(35,57,60),294
(35,57,61),294
(11,57,46),295
(11,57,26),295
(11,57,60),295
(11,57,61),295
(46,57,26),296
(46,57,60),296
(46,57,61),296
(26,57,60),297
(26,57,61),297
(60,57,61),298
(33,61,38),300
(33,61,42),300
(33,61,58),300
(33,61,62),300
(38,61,42),301
(38,61,58),301
(38,61,62),301
(42,61,58),302
(42,61,62),302
(58,61,62),303
(2,11,3),305
(2,11,42),305
(2,11,16),305
(2,11,59),305
(2,11,10),305
(3,11,42),306
(3,11,16),306
(3,11,59),306
(3,11,10),306
(42,11,16),307
(42,11,59),307
(42,11,10),307
(16,11,59),308
(16,11,10),308
(59,11,10),309
(42,33,46),311
(42,33,16),311
(42,33,14),311
(42,33,21),311
(42,33,58),311
(46,33,16),312
(46,33,14),312
(46,33,21),312
(46,33,58),312
(16,33,14),313
(16,33,21),313
(16,33,58),313
(14,33,21),314
(14,33,58),314
(21,33,58),315
(35,2,46),317
(35,2,53),317
(35,2,14),317
(35,2,58),317
(35,2,29),317
(46,2,53),318
(46,2,14),318
(46,2,58),318
(46,2,29),318
(53,2,14),319
(53,2,58),319
(53,2,29),319
(14,2,58),320
(14,2,29),320
(58,2,29),321
(3,46,29),323
(3,46,26),323
(3,46,60),323
(3,46,58),323
(29,46,26),324
(29,46,60),324
(29,46,58),324
(26,46,60),325
(26,46,58),325
(60,46,58),326
(35,58,14),328
(35,58,59),328
(35,58,29),328
(35,58,62),328
(14,58,59),329
(14,58,29),329
(14,58,62),329
(59,58,29),330
(59,58,62),330
(29,58,62),331
(7,35,10),333
(7,35,14),333
(7,35,62),333
(10,35,14),334
(10,35,62),334
(14,35,62),335
(38,3,16),337
(38,3,21),337
(38,3,62),337
(38,3,63),337
(16,3,21),338
(16,3,62),338
(16,3,63),338
(21,3,62),339
(21,3,63),339
(62,3,63),340
(10,38,21),342
(10,38,15),342
(10,38,60),342
(10,38,62),342
(21,38,15),343
(21,38,60),343
(21,38,62),343
(15,38,60),344
(15,38,62),344
(60,38,62),345
(15,10,53),347
(15,10,26),347
(15,10,63),347
(53,10,26),348
(53,10,63),348
(26,10,63),349
(42,63,7),351
(42,63,26),351
(42,63,59),351
(7,63,26),352
(7,63,59),352
(26,63,59),353
(42,21,15),355
(42,21,59),355
(42,21,29),355
(15,21,59),356
(15,21,29),356
(59,21,29),357
(59,15,29),359
(59,15,62),359
(59,15,53),359
(29,15,62),360
(29,15,53),360
(62,15,53),361
(7,59,42),363
(7,59,53),363
(42,59,53),364
(42,53,26),366
(42,53,29),366
(26,53,29),367
(42,29,16),369
(7,42,14),371
(7,42,62),371
(14,42,62),372
(7,62,16),374
(14,7,60),376
(14,16,26),378
(14,16,60),378
(26,16,60),379
(14,26,60),381
