 64  14
 [ 8 ] [ 2 ] [ 3 ] [ 3 ] [ 2 ] [ 3 ] [ 3 ] [ 5 ] [ 3 ] [ 3 ] [ 8 ] [ 3 ] [ 3 ] [ 3 ] [ 3 ] [ 8 ] [ 9 ] [ 9 ] [ 4 ] [ 3 ] [ 5 ] [ 3 ] [ 3 ] [ 3 ] [ 3 ] [ 7 ] [ 9 ] [ 8 ] [ 8 ] [ 3 ] [ 5 ] [ 5 ] [ 1 ] [ 8 ] [ 3 ] [ 3 ] [ 1 ] [ 3 ] [ 3 ] [ 3 ] [ 3 ] [ 5 ] [ 3 ] [ 3 ] [ 3 ] [ 3 ] [ 1 ] [ 3 ] [ 3 ] [ 3 ] [ 3 ] [ 3 ] [ 2 ] [ 5 ] [ 6 ] [ 5 ] [ 3 ] [ 8 ] [ 5 ] [ 3 ] [ 3 ] [ 3 ] [ 3 ] [ 3 ]
 [ 8 ] [ 2 ] [ 3 ] [ 3 ] [ 2 ] [ 3 ] [ 3 ] [ 5 ] [ 3 ] [ 3 ] [ 8 ] [ 3 ] [ 3 ] [ 3 ] [ 3 ] [ 8 ] [ 9 ] [ 9 ] [ 4 ] [ 3 ] [ 5 ] [ 3 ] [ 0 ] [ 3 ] [ 3 ] [ 7 ] [ 9 ] [ 8 ] [ 8 ] [ 3 ] [ 5 ] [ 5 ] [ 8 ] [ 8 ] [ 3 ] [ 3 ] [ 4 ] [ 3 ] [ 3 ] [ 3 ] [ 3 ] [ 5 ] [ 3 ] [ 3 ] [ 3 ] [ 3 ] [ 4 ] [ 3 ] [ 3 ] [ 3 ] [ 3 ] [ 3 ] [ 2 ] [ 5 ] [ 6 ] [ 5 ] [ 3 ] [ 8 ] [ 5 ] [ 3 ] [ 3 ] [ 3 ] [ 3 ] [ 3 ]
 [ 8 ] [ 3 ] [ 3 ] [ 3 ] [ 3 ] [ 3 ] [ 3 ] [ 5 ] [ 3 ] [ 3 ] [ 8 ] [ 3 ] [ 3 ] [ 3 ] [ 3 ] [ 8 ] [ 9 ] [ 9 ] [ 4 ] [ 3 ] [ 5 ] [ 3 ] [ 0 ] [ 3 ] [ 3 ] [ 7 ] [ 9 ] [ 8 ] [ 8 ] [ 3 ] [ 5 ] [ 5 ] [ 1 ] [ 8 ] [ 3 ] [ 3 ] [ 1 ] [ 3 ] [ 3 ] [ 3 ] [ 3 ] [ 5 ] [ 3 ] [ 3 ] [ 3 ] [ 3 ] [ 1 ] [ 3 ] [ 3 ] [ 3 ] [ 3 ] [ 3 ] [ 8 ] [ 5 ] [ 6 ] [ 5 ] [ 3 ] [ 8 ] [ 5 ] [ 3 ] [ 3 ] [ 3 ] [ 3 ] [ 3 ]
 [ 8 ] [ 2 ] [ -1 ] [ -1 ] [ 2 ] [ -1 ] [ -1 ] [ 5 ] [ -1 ] [ -1 ] [ 8 ] [ -1 ] [ -1 ] [ -1 ] [ -1 ] [ 8 ] [ 9 ] [ 9 ] [ 4 ] [ -1 ] [ 5 ] [ 5 ] [ 0 ] [ -1 ] [ -1 ] [ 7 ] [ 9 ] [ 8 ] [ 8 ] [ -1 ] [ 5 ] [ 5 ] [ 1 ] [ 8 ] [ -1 ] [ -1 ] [ 1 ] [ -1 ] [ -1 ] [ -1 ] [ -1 ] [ 5 ] [ -1 ] [ -1 ] [ -1 ] [ -1 ] [ 1 ] [ -1 ] [ -1 ] [ -1 ] [ -1 ] [ -1 ] [ 2 ] [ 5 ] [ 6 ] [ 5 ] [ -1 ] [ 8 ] [ 5 ] [ -1 ] [ -1 ] [ -1 ] [ -1 ] [ -1 ]
 [ 8 ] [ 2 ] [ 3 ] [ 3 ] [ 2 ] [ 3 ] [ 3 ] [ 5 ] [ 3 ] [ 3 ] [ 8 ] [ 3 ] [ 3 ] [ 3 ] [ 3 ] [ 8 ] [ 9 ] [ 9 ] [ 5 ] [ 3 ] [ 5 ] [ 3 ] [ 0 ] [ 3 ] [ 3 ] [ 7 ] [ 9 ] [ 8 ] [ 8 ] [ 3 ] [ 5 ] [ 5 ] [ 1 ] [ 8 ] [ 3 ] [ 3 ] [ 1 ] [ 3 ] [ 3 ] [ 3 ] [ 3 ] [ 5 ] [ 3 ] [ 3 ] [ 3 ] [ 3 ] [ 1 ] [ 3 ] [ 3 ] [ 3 ] [ 3 ] [ 3 ] [ 2 ] [ 5 ] [ 6 ] [ 5 ] [ 3 ] [ 8 ] [ 5 ] [ 3 ] [ 3 ] [ 3 ] [ 3 ] [ 3 ]
 [ 8 ] [ 2 ] [ 3 ] [ 3 ] [ 2 ] [ 3 ] [ 3 ] [ 3 ] [ 3 ] [ 3 ] [ 8 ] [ 3 ] [ 3 ] [ 3 ] [ 3 ] [ 8 ] [ 9 ] [ 9 ] [ 4 ] [ 3 ] [ 3 ] [ 3 ] [ 0 ] [ 3 ] [ 3 ] [ 7 ] [ 9 ] [ 8 ] [ 8 ] [ 3 ] [ 8 ] [ 3 ] [ 1 ] [ 8 ] [ 3 ] [ 3 ] [ 1 ] [ 3 ] [ 3 ] [ 3 ] [ 3 ] [ 8 ] [ 3 ] [ 3 ] [ 3 ] [ 3 ] [ 1 ] [ 3 ] [ 3 ] [ 3 ] [ 3 ] [ 3 ] [ 2 ] [ 2 ] [ 6 ] [ 3 ] [ 3 ] [ 8 ] [ 8 ] [ 3 ] [ 3 ] [ 3 ] [ 3 ] [ 3 ]
 [ 8 ] [ 2 ] [ 3 ] [ 3 ] [ 2 ] [ 3 ] [ 3 ] [ 5 ] [ 3 ] [ 3 ] [ 8 ] [ 3 ] [ 3 ] [ 3 ] [ 3 ] [ 8 ] [ 9 ] [ 9 ] [ 4 ] [ 3 ] [ 5 ] [ 3 ] [ 0 ] [ 3 ] [ 3 ] [ 7 ] [ 9 ] [ 8 ] [ 8 ] [ 3 ] [ 5 ] [ 5 ] [ 1 ] [ 8 ] [ 3 ] [ 3 ] [ 1 ] [ 3 ] [ 3 ] [ 3 ] [ 3 ] [ 5 ] [ 3 ] [ 3 ] [ 3 ] [ 3 ] [ 1 ] [ 3 ] [ 3 ] [ 3 ] [ 3 ] [ 3 ] [ 2 ] [ 5 ] [ 8 ] [ 5 ] [ 3 ] [ 8 ] [ 5 ] [ 3 ] [ 3 ] [ 3 ] [ 3 ] [ 3 ]
 [ 8 ] [ 2 ] [ 3 ] [ 3 ] [ 2 ] [ 3 ] [ 3 ] [ 5 ] [ 3 ] [ 3 ] [ 8 ] [ 3 ] [ 3 ] [ 3 ] [ 3 ] [ 8 ] [ 9 ] [ 9 ] [ 4 ] [ 3 ] [ 5 ] [ 3 ] [ 0 ] [ 3 ] [ 3 ] [ 9 ] [ 9 ] [ 8 ] [ 8 ] [ 3 ] [ 5 ] [ 5 ] [ 1 ] [ 8 ] [ 3 ] [ 3 ] [ 1 ] [ 3 ] [ 3 ] [ 3 ] [ 3 ] [ 5 ] [ 3 ] [ 3 ] [ 3 ] [ 3 ] [ 1 ] [ 3 ] [ 3 ] [ 3 ] [ 3 ] [ 3 ] [ 2 ] [ 5 ] [ 6 ] [ 5 ] [ 3 ] [ 8 ] [ 5 ] [ 3 ] [ 3 ] [ 3 ] [ 3 ] [ 3 ]
 [ 3 ] [ 2 ] [ 3 ] [ 3 ] [ 2 ] [ 3 ] [ 3 ] [ 5 ] [ 3 ] [ 3 ] [ 3 ] [ 3 ] [ 3 ] [ 3 ] [ 3 ] [ 3 ] [ 9 ] [ 9 ] [ 4 ] [ 3 ] [ 5 ] [ 3 ] [ 0 ] [ 3 ] [ 3 ] [ 7 ] [ 9 ] [ 3 ] [ 3 ] [ 3 ] [ 5 ] [ 5 ] [ 1 ] [ 3 ] [ 3 ] [ 3 ] [ 1 ] [ 3 ] [ 3 ] [ 3 ] [ 3 ] [ 5 ] [ 3 ] [ 3 ] [ 3 ] [ 3 ] [ 1 ] [ 3 ] [ 3 ] [ 3 ] [ 3 ] [ 3 ] [ 2 ] [ 5 ] [ 6 ] [ 5 ] [ 3 ] [ 3 ] [ 5 ] [ 3 ] [ 3 ] [ 3 ] [ 3 ] [ 3 ]
 [ 8 ] [ 2 ] [ 3 ] [ 3 ] [ 2 ] [ 3 ] [ 3 ] [ 5 ] [ 3 ] [ 3 ] [ 8 ] [ 3 ] [ 3 ] [ 3 ] [ 3 ] [ 8 ] [ 3 ] [ 1 ] [ 4 ] [ 3 ] [ 5 ] [ 3 ] [ 0 ] [ 3 ] [ 3 ] [ 7 ] [ 3 ] [ 8 ] [ 8 ] [ 3 ] [ 5 ] [ 5 ] [ 1 ] [ 8 ] [ 3 ] [ 3 ] [ 1 ] [ 3 ] [ 3 ] [ 3 ] [ 3 ] [ 5 ] [ 3 ] [ 3 ] [ 3 ] [ 3 ] [ 1 ] [ 3 ] [ 3 ] [ 3 ] [ 3 ] [ 3 ] [ 2 ] [ 5 ] [ 6 ] [ 5 ] [ 3 ] [ 8 ] [ 5 ] [ 3 ] [ 3 ] [ 3 ] [ 3 ] [ 3 ]
 [ -1 ] [ -1 ] [ -1 ] [ -1 ] [ -1 ] [ -1 ] [ -1 ] [ -1 ] [ -1 ] [ -1 ] [ -1 ] [ -1 ] [ -1 ] [ -1 ] [ -1 ] [ -1 ] [ -1 ] [ -1 ] [ -1 ] [ -1 ] [ -1 ] [ -1 ] [ 0 ] [ -1 ] [ -1 ] [ -1 ] [ -1 ] [ -1 ] [ -1 ] [ -1 ] [ -1 ] [ -1 ] [ -1 ] [ -1 ] [ -1 ] [ -1 ] [ -1 ] [ -1 ] [ -1 ] [ -1 ] [ -1 ] [ -1 ] [ -1 ] [ -1 ] [ -1 ] [ -1 ] [ -1 ] [ -1 ] [ -1 ] [ -1 ] [ -1 ] [ -1 ] [ -1 ] [ -1 ] [ -1 ] [ -1 ] [ -1 ] [ -1 ] [ -1 ] [ -1 ] [ -1 ] [ -1 ] [ -1 ] [ -1 ]
 [ -1 ] [ -1 ] [ -1 ] [ -1 ] [ -1 ] [ -1 ] [ -1 ] [ -1 ] [ -1 ] [ -1 ] [ -1 ] [ -1 ] [ -1 ] [ -1 ] [ -1 ] [ -1 ] [ -1 ] [ -1 ] [ -1 ] [ -1 ] [ -1 ] [ -1 ] [ 0 ] [ -1 ] [ -1 ] [ -1 ] [ -1 ] [ -1 ] [ -1 ] [ -1 ] [ -1 ] [ -1 ] [ -1 ] [ -1 ] [ -1 ] [ -1 ] [ -1 ] [ -1 ] [ -1 ] [ -1 ] [ -1 ] [ -1 ] [ -1 ] [ -1 ] [ -1 ] [ -1 ] [ -1 ] [ -1 ] [ -1 ] [ -1 ] [ -1 ] [ -1 ] [ -1 ] [ -1 ] [ -1 ] [ -1 ] [ -1 ] [ -1 ] [ -1 ] [ -1 ] [ -1 ] [ -1 ] [ -1 ] [ -1 ]
 [ -1 ] [ -1 ] [ -1 ] [ -1 ] [ -1 ] [ -1 ] [ -1 ] [ -1 ] [ -1 ] [ -1 ] [ -1 ] [ -1 ] [ -1 ] [ -1 ] [ -1 ] [ -1 ] [ -1 ] [ -1 ] [ -1 ] [ -1 ] [ -1 ] [ -1 ] [ 0 ] [ -1 ] [ -1 ] [ -1 ] [ -1 ] [ -1 ] [ -1 ] [ -1 ] [ -1 ] [ -1 ] [ -1 ] [ -1 ] [ -1 ] [ -1 ] [ -1 ] [ -1 ] [ -1 ] [ -1 ] [ -1 ] [ -1 ] [ -1 ] [ -1 ] [ -1 ] [ -1 ] [ -1 ] [ -1 ] [ -1 ] [ -1 ] [ -1 ] [ -1 ] [ -1 ] [ -1 ] [ -1 ] [ -1 ] [ -1 ] [ -1 ] [ -1 ] [ -1 ] [ -1 ] [ -1 ] [ -1 ] [ -1 ]
 [ -1 ] [ -1 ] [ -1 ] [ -1 ] [ -1 ] [ -1 ] [ -1 ] [ -1 ] [ -1 ] [ -1 ] [ -1 ] [ -1 ] [ -1 ] [ -1 ] [ -1 ] [ -1 ] [ -1 ] [ -1 ] [ -1 ] [ -1 ] [ -1 ] [ -1 ] [ 0 ] [ -1 ] [ -1 ] [ -1 ] [ -1 ] [ -1 ] [ -1 ] [ -1 ] [ -1 ] [ -1 ] [ -1 ] [ -1 ] [ -1 ] [ -1 ] [ -1 ] [ -1 ] [ -1 ] [ -1 ] [ -1 ] [ -1 ] [ -1 ] [ -1 ] [ -1 ] [ -1 ] [ -1 ] [ -1 ] [ -1 ] [ -1 ] [ -1 ] [ -1 ] [ -1 ] [ -1 ] [ -1 ] [ -1 ] [ -1 ] [ -1 ] [ -1 ] [ -1 ] [ -1 ] [ -1 ] [ -1 ] [ -1 ]
 [ -1 ] [ -1 ] [ -1 ] [ -1 ] [ -1 ] [ -1 ] [ -1 ] [ -1 ] [ -1 ] [ -1 ] [ -1 ] [ -1 ] [ -1 ] [ -1 ] [ -1 ] [ -1 ] [ -1 ] [ -1 ] [ -1 ] [ -1 ] [ -1 ] [ -1 ] [ 0 ] [ -1 ] [ -1 ] [ -1 ] [ -1 ] [ -1 ] [ -1 ] [ -1 ] [ -1 ] [ -1 ] [ -1 ] [ -1 ] [ -1 ] [ -1 ] [ -1 ] [ -1 ] [ -1 ] [ -1 ] [ -1 ] [ -1 ] [ -1 ] [ -1 ] [ -1 ] [ -1 ] [ -1 ] [ -1 ] [ -1 ] [ -1 ] [ -1 ] [ -1 ] [ -1 ] [ -1 ] [ -1 ] [ -1 ] [ -1 ] [ -1 ] [ -1 ] [ -1 ] [ -1 ] [ -1 ] [ -1 ] [ -1 ]
