(33,43,5),0
(33,43,1),0
(33,43,44),0
(33,43,15),0
(33,43,21),0
(33,43,26),0
(33,43,47),0
(5,43,1),1
(5,43,44),1
(5,43,15),1
(5,43,21),1
(5,43,26),1
(5,43,47),1
(1,43,44),2
(1,43,15),2
(1,43,21),2
(1,43,26),2
(1,43,47),2
(44,43,15),3
(44,43,21),3
(44,43,26),3
(44,43,47),3
(15,43,21),4
(15,43,26),4
(15,43,47),4
(21,43,26),5
(21,43,47),5
(26,43,47),6
(2,36,35),8
(2,36,7),8
(2,36,41),8
(2,36,42),8
(2,36,49),8
(2,36,54),8
(2,36,56),8
(2,36,59),8
(35,36,7),9
(35,36,41),9
(35,36,42),9
(35,36,49),9
(35,36,54),9
(35,36,56),9
(35,36,59),9
(7,36,41),10
(7,36,42),10
(7,36,49),10
(7,36,54),10
(7,36,56),10
(7,36,59),10
(41,36,42),11
(41,36,49),11
(41,36,54),11
(41,36,56),11
(41,36,59),11
(42,36,49),12
(42,36,54),12
(42,36,56),12
(42,36,59),12
(49,36,54),13
(49,36,56),13
(49,36,59),13
(54,36,56),14
(54,36,59),14
(56,36,59),15
(2,35,3),17
(2,35,40),17
(2,35,44),17
(2,35,12),17
(2,35,8),17
(2,35,20),17
(2,35,26),17
(2,35,59),17
(3,35,40),18
(3,35,44),18
(3,35,12),18
(3,35,8),18
(3,35,20),18
(3,35,26),18
(3,35,59),18
(40,35,44),19
(40,35,12),19
(40,35,8),19
(40,35,20),19
(40,35,26),19
(40,35,59),19
(44,35,12),20
(44,35,8),20
(44,35,20),20
(44,35,26),20
(44,35,59),20
(12,35,8),21
(12,35,20),21
(12,35,26),21
(12,35,59),21
(8,35,20),22
(8,35,26),22
(8,35,59),22
(20,35,26),23
(20,35,59),23
(26,35,59),24
(0,59,32),26
(0,59,37),26
(0,59,38),26
(0,59,16),26
(0,59,51),26
(0,59,23),26
(0,59,24),26
(0,59,57),26
(32,59,37),27
(32,59,38),27
(32,59,16),27
(32,59,51),27
(32,59,23),27
(32,59,24),27
(32,59,57),27
(37,59,38),28
(37,59,16),28
(37,59,51),28
(37,59,23),28
(37,59,24),28
(37,59,57),28
(38,59,16),29
(38,59,51),29
(38,59,23),29
(38,59,24),29
(38,59,57),29
(16,59,51),30
(16,59,23),30
(16,59,24),30
(16,59,57),30
(51,59,23),31
(51,59,24),31
(51,59,57),31
(23,59,24),32
(23,59,57),32
(24,59,57),33
(2,51,5),35
(2,51,41),35
(2,51,45),35
(2,51,20),35
(2,51,57),35
(2,51,58),35
(2,51,62),35
(2,51,37),35
(5,51,41),36
(5,51,45),36
(5,51,20),36
(5,51,57),36
(5,51,58),36
(5,51,62),36
(5,51,37),36
(41,51,45),37
(41,51,20),37
(41,51,57),37
(41,51,58),37
(41,51,62),37
(41,51,37),37
(45,51,20),38
(45,51,57),38
(45,51,58),38
(45,51,62),38
(45,51,37),38
(20,51,57),39
(20,51,58),39
(20,51,62),39
(20,51,37),39
(57,51,58),40
(57,51,62),40
(57,51,37),40
(58,51,62),41
(58,51,37),41
(62,51,37),42
(33,62,47),44
(33,62,45),44
(33,62,13),44
(33,62,50),44
(33,62,52),44
(33,62,26),44
(33,62,27),44
(33,62,31),44
(47,62,45),45
(47,62,13),45
(47,62,50),45
(47,62,52),45
(47,62,26),45
(47,62,27),45
(47,62,31),45
(45,62,13),46
(45,62,50),46
(45,62,52),46
(45,62,26),46
(45,62,27),46
(45,62,31),46
(13,62,50),47
(13,62,52),47
(13,62,26),47
(13,62,27),47
(13,62,31),47
(50,62,52),48
(50,62,26),48
(50,62,27),48
(50,62,31),48
(52,62,26),49
(52,62,27),49
(52,62,31),49
(26,62,27),50
(26,62,31),50
(27,62,31),51
(0,9,2),53
(0,9,39),53
(0,9,42),53
(0,9,44),53
(0,9,14),53
(0,9,16),53
(0,9,23),53
(0,9,60),53
(0,9,31),53
(2,9,39),54
(2,9,42),54
(2,9,44),54
(2,9,14),54
(2,9,16),54
(2,9,23),54
(2,9,60),54
(2,9,31),54
(39,9,42),55
(39,9,44),55
(39,9,14),55
(39,9,16),55
(39,9,23),55
(39,9,60),55
(39,9,31),55
(42,9,44),56
(42,9,14),56
(42,9,16),56
(42,9,23),56
(42,9,60),56
(42,9,31),56
(44,9,14),57
(44,9,16),57
(44,9,23),57
(44,9,60),57
(44,9,31),57
(14,9,16),58
(14,9,23),58
(14,9,60),58
(14,9,31),58
(16,9,23),59
(16,9,60),59
(16,9,31),59
(23,9,60),60
(23,9,31),60
(60,9,31),61
(8,29,41),63
(8,29,13),63
(8,29,48),63
(8,29,54),63
(8,29,23),63
(8,29,25),63
(8,29,58),63
(8,29,27),63
(8,29,28),63
(41,29,13),64
(41,29,48),64
(41,29,54),64
(41,29,23),64
(41,29,25),64
(41,29,58),64
(41,29,27),64
(41,29,28),64
(13,29,48),65
(13,29,54),65
(13,29,23),65
(13,29,25),65
(13,29,58),65
(13,29,27),65
(13,29,28),65
(48,29,54),66
(48,29,23),66
(48,29,25),66
(48,29,58),66
(48,29,27),66
(48,29,28),66
(54,29,23),67
(54,29,25),67
(54,29,58),67
(54,29,27),67
(54,29,28),67
(23,29,25),68
(23,29,58),68
(23,29,27),68
(23,29,28),68
(25,29,58),69
(25,29,27),69
(25,29,28),69
(58,29,27),70
(58,29,28),70
(27,29,28),71
(40,42,10),73
(40,42,44),73
(40,42,16),73
(40,42,8),73
(40,42,50),73
(40,42,54),73
(40,42,4),73
(40,42,60),73
(40,42,30),73
(10,42,44),74
(10,42,16),74
(10,42,8),74
(10,42,50),74
(10,42,54),74
(10,42,4),74
(10,42,60),74
(10,42,30),74
(44,42,16),75
(44,42,8),75
(44,42,50),75
(44,42,54),75
(44,42,4),75
(44,42,60),75
(44,42,30),75
(16,42,8),76
(16,42,50),76
(16,42,54),76
(16,42,4),76
(16,42,60),76
(16,42,30),76
(8,42,50),77
(8,42,54),77
(8,42,4),77
(8,42,60),77
(8,42,30),77
(50,42,54),78
(50,42,4),78
(50,42,60),78
(50,42,30),78
(54,42,4),79
(54,42,60),79
(54,42,30),79
(4,42,60),80
(4,42,30),80
(60,42,30),81
(2,30,6),83
(2,30,7),83
(2,30,45),83
(2,30,14),83
(2,30,47),83
(2,30,52),83
(2,30,21),83
(2,30,56),83
(2,30,57),83
(6,30,7),84
(6,30,45),84
(6,30,14),84
(6,30,47),84
(6,30,52),84
(6,30,21),84
(6,30,56),84
(6,30,57),84
(7,30,45),85
(7,30,14),85
(7,30,47),85
(7,30,52),85
(7,30,21),85
(7,30,56),85
(7,30,57),85
(45,30,14),86
(45,30,47),86
(45,30,52),86
(45,30,21),86
(45,30,56),86
(45,30,57),86
(14,30,47),87
(14,30,52),87
(14,30,21),87
(14,30,56),87
(14,30,57),87
(47,30,52),88
(47,30,21),88
(47,30,56),88
(47,30,57),88
(52,30,21),89
(52,30,56),89
(52,30,57),89
(21,30,56),90
(21,30,57),90
(56,30,57),91
(0,45,33),93
(0,45,6),93
(0,45,46),93
(0,45,47),93
(0,45,20),93
(0,45,23),93
(0,45,58),93
(0,45,53),93
(33,45,6),94
(33,45,46),94
(33,45,47),94
(33,45,20),94
(33,45,23),94
(33,45,58),94
(33,45,53),94
(6,45,46),95
(6,45,47),95
(6,45,20),95
(6,45,23),95
(6,45,58),95
(6,45,53),95
(46,45,47),96
(46,45,20),96
(46,45,23),96
(46,45,58),96
(46,45,53),96
(47,45,20),97
(47,45,23),97
(47,45,58),97
(47,45,53),97
(20,45,23),98
(20,45,58),98
(20,45,53),98
(23,45,58),99
(23,45,53),99
(58,45,53),100
(3,6,5),102
(3,6,8),102
(3,6,12),102
(3,6,44),102
(3,6,17),102
(3,6,55),102
(3,6,57),102
(3,6,27),102
(3,6,61),102
(5,6,8),103
(5,6,12),103
(5,6,44),103
(5,6,17),103
(5,6,55),103
(5,6,57),103
(5,6,27),103
(5,6,61),103
(8,6,12),104
(8,6,44),104
(8,6,17),104
(8,6,55),104
(8,6,57),104
(8,6,27),104
(8,6,61),104
(12,6,44),105
(12,6,17),105
(12,6,55),105
(12,6,57),105
(12,6,27),105
(12,6,61),105
(44,6,17),106
(44,6,55),106
(44,6,57),106
(44,6,27),106
(44,6,61),106
(17,6,55),107
(17,6,57),107
(17,6,27),107
(17,6,61),107
(55,6,57),108
(55,6,27),108
(55,6,61),108
(57,6,27),109
(57,6,61),109
(27,6,61),110
(3,23,4),112
(3,23,5),112
(3,23,38),112
(3,23,40),112
(3,23,48),112
(3,23,20),112
(3,23,53),112
(3,23,56),112
(3,23,31),112
(4,23,5),113
(4,23,38),113
(4,23,40),113
(4,23,48),113
(4,23,20),113
(4,23,53),113
(4,23,56),113
(4,23,31),113
(5,23,38),114
(5,23,40),114
(5,23,48),114
(5,23,20),114
(5,23,53),114
(5,23,56),114
(5,23,31),114
(38,23,40),115
(38,23,48),115
(38,23,20),115
(38,23,53),115
(38,23,56),115
(38,23,31),115
(40,23,48),116
(40,23,20),116
(40,23,53),116
(40,23,56),116
(40,23,31),116
(48,23,20),117
(48,23,53),117
(48,23,56),117
(48,23,31),117
(20,23,53),118
(20,23,56),118
(20,23,31),118
(53,23,56),119
(53,23,31),119
(56,23,31),120
(1,56,54),122
(1,56,40),122
(1,56,11),122
(1,56,50),122
(1,56,20),122
(1,56,22),122
(1,56,52),122
(1,56,26),122
(54,56,40),123
(54,56,11),123
(54,56,50),123
(54,56,20),123
(54,56,22),123
(54,56,52),123
(54,56,26),123
(40,56,11),124
(40,56,50),124
(40,56,20),124
(40,56,22),124
(40,56,52),124
(40,56,26),124
(11,56,50),125
(11,56,20),125
(11,56,22),125
(11,56,52),125
(11,56,26),125
(50,56,20),126
(50,56,22),126
(50,56,52),126
(50,56,26),126
(20,56,22),127
(20,56,52),127
(20,56,26),127
(22,56,52),128
(22,56,26),128
(52,56,26),129
(7,44,10),131
(7,44,46),131
(7,44,48),131
(7,44,19),131
(7,44,52),131
(7,44,57),131
(7,44,25),131
(7,44,27),131
(7,44,63),131
(10,44,46),132
(10,44,48),132
(10,44,19),132
(10,44,52),132
(10,44,57),132
(10,44,25),132
(10,44,27),132
(10,44,63),132
(46,44,48),133
(46,44,19),133
(46,44,52),133
(46,44,57),133
(46,44,25),133
(46,44,27),133
(46,44,63),133
(48,44,19),134
(48,44,52),134
(48,44,57),134
(48,44,25),134
(48,44,27),134
(48,44,63),134
(19,44,52),135
(19,44,57),135
(19,44,25),135
(19,44,27),135
(19,44,63),135
(52,44,57),136
(52,44,25),136
(52,44,27),136
(52,44,63),136
(57,44,25),137
(57,44,27),137
(57,44,63),137
(25,44,27),138
(25,44,63),138
(27,44,63),139
(32,25,0),141
(32,25,2),141
(32,25,37),141
(32,25,40),141
(32,25,41),141
(32,25,47),141
(32,25,16),141
(32,25,17),141
(32,25,53),141
(0,25,2),142
(0,25,37),142
(0,25,40),142
(0,25,41),142
(0,25,47),142
(0,25,16),142
(0,25,17),142
(0,25,53),142
(2,25,37),143
(2,25,40),143
(2,25,41),143
(2,25,47),143
(2,25,16),143
(2,25,17),143
(2,25,53),143
(37,25,40),144
(37,25,41),144
(37,25,47),144
(37,25,16),144
(37,25,17),144
(37,25,53),144
(40,25,41),145
(40,25,47),145
(40,25,16),145
(40,25,17),145
(40,25,53),145
(41,25,47),146
(41,25,16),146
(41,25,17),146
(41,25,53),146
(47,25,16),147
(47,25,17),147
(47,25,53),147
(16,25,17),148
(16,25,53),148
(17,25,53),149
(32,2,34),151
(32,2,41),151
(32,2,14),151
(32,2,47),151
(32,2,48),151
(32,2,18),151
(32,2,20),151
(32,2,54),151
(32,2,58),151
(34,2,41),152
(34,2,14),152
(34,2,47),152
(34,2,48),152
(34,2,18),152
(34,2,20),152
(34,2,54),152
(34,2,58),152
(41,2,14),153
(41,2,47),153
(41,2,48),153
(41,2,18),153
(41,2,20),153
(41,2,54),153
(41,2,58),153
(14,2,47),154
(14,2,48),154
(14,2,18),154
(14,2,20),154
(14,2,54),154
(14,2,58),154
(47,2,48),155
(47,2,18),155
(47,2,20),155
(47,2,54),155
(47,2,58),155
(48,2,18),156
(48,2,20),156
(48,2,54),156
(48,2,58),156
(18,2,20),157
(18,2,54),157
(18,2,58),157
(20,2,54),158
(20,2,58),158
(54,2,58),159
(0,20,54),161
(0,20,7),161
(0,20,55),161
(0,20,14),161
(0,20,15),161
(0,20,18),161
(0,20,22),161
(0,20,24),161
(0,20,47),161
(54,20,7),162
(54,20,55),162
(54,20,14),162
(54,20,15),162
(54,20,18),162
(54,20,22),162
(54,20,24),162
(54,20,47),162
(7,20,55),163
(7,20,14),163
(7,20,15),163
(7,20,18),163
(7,20,22),163
(7,20,24),163
(7,20,47),163
(55,20,14),164
(55,20,15),164
(55,20,18),164
(55,20,22),164
(55,20,24),164
(55,20,47),164
(14,20,15),165
(14,20,18),165
(14,20,22),165
(14,20,24),165
(14,20,47),165
(15,20,18),166
(15,20,22),166
(15,20,24),166
(15,20,47),166
(18,20,22),167
(18,20,24),167
(18,20,47),167
(22,20,24),168
(22,20,47),168
(24,20,47),169
(1,47,3),171
(1,47,37),171
(1,47,11),171
(1,47,18),171
(1,47,19),171
(1,47,21),171
(1,47,58),171
(1,47,63),171
(3,47,37),172
(3,47,11),172
(3,47,18),172
(3,47,19),172
(3,47,21),172
(3,47,58),172
(3,47,63),172
(37,47,11),173
(37,47,18),173
(37,47,19),173
(37,47,21),173
(37,47,58),173
(37,47,63),173
(11,47,18),174
(11,47,19),174
(11,47,21),174
(11,47,58),174
(11,47,63),174
(18,47,19),175
(18,47,21),175
(18,47,58),175
(18,47,63),175
(19,47,21),176
(19,47,58),176
(19,47,63),176
(21,47,58),177
(21,47,63),177
(58,47,63),178
(19,58,3),180
(19,58,38),180
(19,58,28),180
(19,58,11),180
(19,58,52),180
(19,58,21),180
(19,58,15),180
(19,58,60),180
(3,58,38),181
(3,58,28),181
(3,58,11),181
(3,58,52),181
(3,58,21),181
(3,58,15),181
(3,58,60),181
(38,58,28),182
(38,58,11),182
(38,58,52),182
(38,58,21),182
(38,58,15),182
(38,58,60),182
(28,58,11),183
(28,58,52),183
(28,58,21),183
(28,58,15),183
(28,58,60),183
(11,58,52),184
(11,58,21),184
(11,58,15),184
(11,58,60),184
(52,58,21),185
(52,58,15),185
(52,58,60),185
(21,58,15),186
(21,58,60),186
(15,58,60),187
(32,0,16),189
(32,0,5),189
(32,0,33),189
(32,0,10),189
(32,0,55),189
(32,0,48),189
(32,0,19),189
(32,0,57),189
(32,0,61),189
(16,0,5),190
(16,0,33),190
(16,0,10),190
(16,0,55),190
(16,0,48),190
(16,0,19),190
(16,0,57),190
(16,0,61),190
(5,0,33),191
(5,0,10),191
(5,0,55),191
(5,0,48),191
(5,0,19),191
(5,0,57),191
(5,0,61),191
(33,0,10),192
(33,0,55),192
(33,0,48),192
(33,0,19),192
(33,0,57),192
(33,0,61),192
(10,0,55),193
(10,0,48),193
(10,0,19),193
(10,0,57),193
(10,0,61),193
(55,0,48),194
(55,0,19),194
(55,0,57),194
(55,0,61),194
(48,0,19),195
(48,0,57),195
(48,0,61),195
(19,0,57),196
(19,0,61),196
(57,0,61),197
(1,48,4),199
(1,48,12),199
(1,48,61),199
(1,48,19),199
(1,48,41),199
(1,48,57),199
(1,48,60),199
(1,48,31),199
(4,48,12),200
(4,48,61),200
(4,48,19),200
(4,48,41),200
(4,48,57),200
(4,48,60),200
(4,48,31),200
(12,48,61),201
(12,48,19),201
(12,48,41),201
(12,48,57),201
(12,48,60),201
(12,48,31),201
(61,48,19),202
(61,48,41),202
(61,48,57),202
(61,48,60),202
(61,48,31),202
(19,48,41),203
(19,48,57),203
(19,48,60),203
(19,48,31),203
(41,48,57),204
(41,48,60),204
(41,48,31),204
(57,48,60),205
(57,48,31),205
(60,48,31),206
(32,55,33),208
(32,55,7),208
(32,55,8),208
(32,55,13),208
(32,55,53),208
(32,55,24),208
(32,55,57),208
(32,55,61),208
(33,55,7),209
(33,55,8),209
(33,55,13),209
(33,55,53),209
(33,55,24),209
(33,55,57),209
(33,55,61),209
(7,55,8),210
(7,55,13),210
(7,55,53),210
(7,55,24),210
(7,55,57),210
(7,55,61),210
(8,55,13),211
(8,55,53),211
(8,55,24),211
(8,55,57),211
(8,55,61),211
(13,55,53),212
(13,55,24),212
(13,55,57),212
(13,55,61),212
(53,55,24),213
(53,55,57),213
(53,55,61),213
(24,55,57),214
(24,55,61),214
(57,55,61),215
(32,57,38),217
(32,57,17),217
(32,57,41),217
(32,57,13),217
(32,57,49),217
(32,57,28),217
(32,57,37),217
(38,57,17),218
(38,57,41),218
(38,57,13),218
(38,57,49),218
(38,57,28),218
(38,57,37),218
(17,57,41),219
(17,57,13),219
(17,57,49),219
(17,57,28),219
(17,57,37),219
(41,57,13),220
(41,57,49),220
(41,57,28),220
(41,57,37),220
(13,57,49),221
(13,57,28),221
(13,57,37),221
(49,57,28),222
(49,57,37),222
(28,57,37),223
(4,32,7),225
(4,32,14),225
(4,32,15),225
(4,32,19),225
(4,32,53),225
(4,32,24),225
(4,32,31),225
(7,32,14),226
(7,32,15),226
(7,32,19),226
(7,32,53),226
(7,32,24),226
(7,32,31),226
(14,32,15),227
(14,32,19),227
(14,32,53),227
(14,32,24),227
(14,32,31),227
(15,32,19),228
(15,32,53),228
(15,32,24),228
(15,32,31),228
(19,32,53),229
(19,32,24),229
(19,32,31),229
(53,32,24),230
(53,32,31),230
(24,32,31),231
(1,61,34),233
(1,61,5),233
(1,61,8),233
(1,61,11),233
(1,61,50),233
(1,61,27),233
(1,61,28),233
(34,61,5),234
(34,61,8),234
(34,61,11),234
(34,61,50),234
(34,61,27),234
(34,61,28),234
(5,61,8),235
(5,61,11),235
(5,61,50),235
(5,61,27),235
(5,61,28),235
(8,61,11),236
(8,61,50),236
(8,61,27),236
(8,61,28),236
(11,61,50),237
(11,61,27),237
(11,61,28),237
(50,61,27),238
(50,61,28),238
(27,61,28),239
(33,15,34),241
(33,15,4),241
(33,15,38),241
(33,15,41),241
(33,15,13),241
(33,15,54),241
(33,15,26),241
(33,15,28),241
(34,15,4),242
(34,15,38),242
(34,15,41),242
(34,15,13),242
(34,15,54),242
(34,15,26),242
(34,15,28),242
(4,15,38),243
(4,15,41),243
(4,15,13),243
(4,15,54),243
(4,15,26),243
(4,15,28),243
(38,15,41),244
(38,15,13),244
(38,15,54),244
(38,15,26),244
(38,15,28),244
(41,15,13),245
(41,15,54),245
(41,15,26),245
(41,15,28),245
(13,15,54),246
(13,15,26),246
(13,15,28),246
(54,15,26),247
(54,15,28),247
(26,15,28),248
(34,41,39),250
(34,41,10),250
(34,41,12),250
(34,41,13),250
(34,41,50),250
(34,41,53),250
(34,41,27),250
(39,41,10),251
(39,41,12),251
(39,41,13),251
(39,41,50),251
(39,41,53),251
(39,41,27),251
(10,41,12),252
(10,41,13),252
(10,41,50),252
(10,41,53),252
(10,41,27),252
(12,41,13),253
(12,41,50),253
(12,41,53),253
(12,41,27),253
(13,41,50),254
(13,41,53),254
(13,41,27),254
(50,41,53),255
(50,41,27),255
(53,41,27),256
(38,34,8),258
(38,34,12),258
(38,34,17),258
(38,34,50),258
(38,34,52),258
(38,34,54),258
(38,34,24),258
(8,34,12),259
(8,34,17),259
(8,34,50),259
(8,34,52),259
(8,34,54),259
(8,34,24),259
(12,34,17),260
(12,34,50),260
(12,34,52),260
(12,34,54),260
(12,34,24),260
(17,34,50),261
(17,34,52),261
(17,34,54),261
(17,34,24),261
(50,34,52),262
(50,34,54),262
(50,34,24),262
(52,34,54),263
(52,34,24),263
(54,34,24),264
(38,12,28),266
(38,12,14),266
(38,12,49),266
(38,12,50),266
(38,12,53),266
(38,12,60),266
(38,12,37),266
(28,12,14),267
(28,12,49),267
(28,12,50),267
(28,12,53),267
(28,12,60),267
(28,12,37),267
(14,12,49),268
(14,12,50),268
(14,12,53),268
(14,12,60),268
(14,12,37),268
(49,12,50),269
(49,12,53),269
(49,12,60),269
(49,12,37),269
(50,12,53),270
(50,12,60),270
(50,12,37),270
(53,12,60),271
(53,12,37),271
(60,12,37),272
(3,49,37),274
(3,49,7),274
(3,49,10),274
(3,49,18),274
(3,49,52),274
(3,49,26),274
(3,49,60),274
(37,49,7),275
(37,49,10),275
(37,49,18),275
(37,49,52),275
(37,49,26),275
(37,49,60),275
(7,49,10),276
(7,49,18),276
(7,49,52),276
(7,49,26),276
(7,49,60),276
(10,49,18),277
(10,49,52),277
(10,49,26),277
(10,49,60),277
(18,49,52),278
(18,49,26),278
(18,49,60),278
(52,49,26),279
(52,49,60),279
(26,49,60),280
(3,37,4),282
(3,37,39),282
(3,37,10),282
(3,37,46),282
(3,37,16),282
(3,37,21),282
(3,37,24),282
(4,37,39),283
(4,37,10),283
(4,37,46),283
(4,37,16),283
(4,37,21),283
(4,37,24),283
(39,37,10),284
(39,37,46),284
(39,37,16),284
(39,37,21),284
(39,37,24),284
(10,37,46),285
(10,37,16),285
(10,37,21),285
(10,37,24),285
(46,37,16),286
(46,37,21),286
(46,37,24),286
(16,37,21),287
(16,37,24),287
(21,37,24),288
(5,54,39),290
(5,54,40),290
(5,54,46),290
(5,54,18),290
(5,54,22),290
(5,54,27),290
(5,54,31),290
(39,54,40),291
(39,54,46),291
(39,54,18),291
(39,54,22),291
(39,54,27),291
(39,54,31),291
(40,54,46),292
(40,54,18),292
(40,54,22),292
(40,54,27),292
(40,54,31),292
(46,54,18),293
(46,54,22),293
(46,54,27),293
(46,54,31),293
(18,54,22),294
(18,54,27),294
(18,54,31),294
(22,54,27),295
(22,54,31),295
(27,54,31),296
(50,3,19),298
(50,3,53),298
(50,3,22),298
(50,3,24),298
(50,3,26),298
(50,3,27),298
(50,3,5),298
(50,3,63),298
(19,3,53),299
(19,3,22),299
(19,3,24),299
(19,3,26),299
(19,3,27),299
(19,3,5),299
(19,3,63),299
(53,3,22),300
(53,3,24),300
(53,3,26),300
(53,3,27),300
(53,3,5),300
(53,3,63),300
(22,3,24),301
(22,3,26),301
(22,3,27),301
(22,3,5),301
(22,3,63),301
(24,3,26),302
(24,3,27),302
(24,3,5),302
(24,3,63),302
(26,3,27),303
(26,3,5),303
(26,3,63),303
(27,3,5),304
(27,3,63),304
(5,3,63),305
(16,5,4),307
(16,5,8),307
(16,5,13),307
(16,5,14),307
(16,5,11),307
(16,5,18),307
(16,5,31),307
(4,5,8),308
(4,5,13),308
(4,5,14),308
(4,5,11),308
(4,5,18),308
(4,5,31),308
(8,5,13),309
(8,5,14),309
(8,5,11),309
(8,5,18),309
(8,5,31),309
(13,5,14),310
(13,5,11),310
(13,5,18),310
(13,5,31),310
(14,5,11),311
(14,5,18),311
(14,5,31),311
(11,5,18),312
(11,5,31),312
(18,5,31),313
(33,4,11),315
(33,4,13),315
(33,4,14),315
(33,4,18),315
(33,4,53),315
(33,4,24),315
(33,4,63),315
(11,4,13),316
(11,4,14),316
(11,4,18),316
(11,4,53),316
(11,4,24),316
(11,4,63),316
(13,4,14),317
(13,4,18),317
(13,4,53),317
(13,4,24),317
(13,4,63),317
(14,4,18),318
(14,4,53),318
(14,4,24),318
(14,4,63),318
(18,4,53),319
(18,4,24),319
(18,4,63),319
(53,4,24),320
(53,4,63),320
(24,4,63),321
(40,13,10),323
(40,13,46),323
(40,13,8),323
(40,13,21),323
(40,13,22),323
(40,13,63),323
(10,13,46),324
(10,13,8),324
(10,13,21),324
(10,13,22),324
(10,13,63),324
(46,13,8),325
(46,13,21),325
(46,13,22),325
(46,13,63),325
(8,13,21),326
(8,13,22),326
(8,13,63),326
(21,13,22),327
(21,13,63),327
(22,13,63),328
(1,8,39),330
(1,8,14),330
(1,8,18),330
(1,8,19),330
(1,8,24),330
(1,8,27),330
(39,8,14),331
(39,8,18),331
(39,8,19),331
(39,8,24),331
(39,8,27),331
(14,8,18),332
(14,8,19),332
(14,8,24),332
(14,8,27),332
(18,8,19),333
(18,8,24),333
(18,8,27),333
(19,8,24),334
(19,8,27),334
(24,8,27),335
(10,24,50),337
(10,24,16),337
(10,24,18),337
(10,24,22),337
(10,24,52),337
(50,24,16),338
(50,24,18),338
(50,24,22),338
(50,24,52),338
(16,24,18),339
(16,24,22),339
(16,24,52),339
(18,24,22),340
(18,24,52),340
(22,24,52),341
(17,10,7),343
(17,10,46),343
(17,10,50),343
(17,10,53),343
(17,10,22),343
(17,10,28),343
(7,10,46),344
(7,10,50),344
(7,10,53),344
(7,10,22),344
(7,10,28),344
(46,10,50),345
(46,10,53),345
(46,10,22),345
(46,10,28),345
(50,10,53),346
(50,10,22),346
(50,10,28),346
(53,10,22),347
(53,10,28),347
(22,10,28),348
(1,50,52),350
(1,50,21),350
(1,50,26),350
(1,50,60),350
(1,50,63),350
(52,50,21),351
(52,50,26),351
(52,50,60),351
(52,50,63),351
(21,50,26),352
(21,50,60),352
(21,50,63),352
(26,50,60),353
(26,50,63),353
(60,50,63),354
(1,53,16),356
(1,53,19),356
(1,53,22),356
(1,53,31),356
(1,53,63),356
(16,53,19),357
(16,53,22),357
(16,53,31),357
(16,53,63),357
(19,53,22),358
(19,53,31),358
(19,53,63),358
(22,53,31),359
(22,53,63),359
(31,53,63),360
(38,63,18),362
(38,63,21),362
(38,63,22),362
(38,63,26),362
(18,63,21),363
(18,63,22),363
(18,63,26),363
(21,63,22),364
(21,63,26),364
(22,63,26),365
(38,16,7),367
(38,16,31),367
(38,16,11),367
(38,16,27),367
(38,16,60),367
(7,16,31),368
(7,16,11),368
(7,16,27),368
(7,16,60),368
(31,16,11),369
(31,16,27),369
(31,16,60),369
(11,16,27),370
(11,16,60),370
(27,16,60),371
(33,18,39),373
(33,18,14),373
(33,18,46),373
(33,18,21),373
(33,18,28),373
(39,18,14),374
(39,18,46),374
(39,18,21),374
(39,18,28),374
(14,18,46),375
(14,18,21),375
(14,18,28),375
(46,18,21),376
(46,18,28),376
(21,18,28),377
(38,14,7),379
(38,14,46),379
(38,14,17),379
(38,14,21),379
(38,14,28),379
(7,14,46),380
(7,14,17),380
(7,14,21),380
(7,14,28),380
(46,14,17),381
(46,14,21),381
(46,14,28),381
(17,14,21),382
(17,14,28),382
(21,14,28),383
(1,38,7),385
(1,38,31),385
(1,38,46),385
(1,38,27),385
(1,38,60),385
(7,38,31),386
(7,38,46),386
(7,38,27),386
(7,38,60),386
(31,38,46),387
(31,38,27),387
(31,38,60),387
(46,38,27),388
(46,38,60),388
(27,38,60),389
(1,7,11),391
(1,7,46),391
(1,7,52),391
(1,7,26),391
(11,7,46),392
(11,7,52),392
(11,7,26),392
(46,7,52),393
(46,7,26),393
(52,7,26),394
(11,1,39),396
(11,1,40),396
(11,1,46),396
(11,1,60),396
(39,1,40),397
(39,1,46),397
(39,1,60),397
(40,1,46),398
(40,1,60),398
(46,1,60),399
(21,46,27),401
(21,46,28),401
(21,46,31),401
(27,46,28),402
(27,46,31),402
(28,46,31),403
(39,27,40),405
(39,27,22),405
(39,27,26),405
(40,27,22),406
(40,27,26),406
(22,27,26),407
(39,26,11),409
(39,26,52),409
(39,26,60),409
(11,26,52),410
(11,26,60),410
(52,26,60),411
(33,39,17),413
(33,39,40),413
(33,39,19),413
(33,39,60),413
(17,39,40),414
(17,39,19),414
(17,39,60),414
(40,39,19),415
(40,39,60),415
(19,39,60),416
(40,60,22),418
(40,60,28),418
(40,60,31),418
(22,60,28),419
(22,60,31),419
(28,60,31),420
(28,40,17),422
(28,40,52),422
(28,40,21),422
(17,40,52),423
(17,40,21),423
(52,40,21),424
(33,52,11),426
(33,52,19),426
(33,52,28),426
(11,52,19),427
(11,52,28),427
(19,52,28),428
(33,28,11),430
(33,28,21),430
(11,28,21),431
(11,21,17),433
(11,21,22),433
(17,21,22),434
(19,11,22),436
(19,11,31),436
(22,11,31),437
(33,22,17),439
(33,22,19),439
(17,22,19),440
(33,17,19),442
(33,17,31),442
(19,17,31),443
(19,33,31),445
