 64  16
 [ 6 ] [ 1 ] [ 1 ] [ 2 ] [ 6 ] [ 5 ] [ 6 ] [ 6 ] [ 6 ] [ 4 ] [ 6 ] [ 5 ] [ 1 ] [ 2 ] [ 3 ] [ 1 ] [ 1 ] [ 6 ] [ 6 ] [ 1 ] [ 4 ] [ 6 ] [ 1 ] [ 1 ] [ 6 ] [ 2 ] [ 4 ] [ 6 ] [ 6 ] [ 6 ] [ 1 ] [ 1 ] [ 4 ] [ 4 ] [ 1 ] [ 6 ] [ 1 ] [ 6 ] [ 4 ] [ 1 ] [ 3 ] [ 1 ] [ 5 ] [ 4 ] [ 5 ] [ 1 ] [ 5 ] [ 1 ] [ 5 ] [ 3 ] [ 2 ] [ 5 ] [ 2 ] [ 6 ] [ 3 ] [ 3 ] [ 4 ] [ 4 ] [ 1 ] [ 1 ] [ 6 ] [ 1 ] [ 6 ] [ 2 ]
 [ -1 ] [ -1 ] [ -1 ] [ 2 ] [ -1 ] [ 3 ] [ -1 ] [ -1 ] [ -1 ] [ 3 ] [ -1 ] [ -1 ] [ -1 ] [ 2 ] [ 3 ] [ -1 ] [ -1 ] [ -1 ] [ -1 ] [ -1 ] [ -1 ] [ -1 ] [ -1 ] [ 0 ] [ -1 ] [ 2 ] [ -1 ] [ -1 ] [ -1 ] [ -1 ] [ -1 ] [ 3 ] [ -1 ] [ -1 ] [ 3 ] [ -1 ] [ -1 ] [ -1 ] [ -1 ] [ -1 ] [ 3 ] [ -1 ] [ -1 ] [ -1 ] [ 3 ] [ -1 ] [ -1 ] [ -1 ] [ -1 ] [ 3 ] [ 2 ] [ 3 ] [ 2 ] [ -1 ] [ 3 ] [ 3 ] [ -1 ] [ -1 ] [ -1 ] [ -1 ] [ -1 ] [ -1 ] [ -1 ] [ 2 ]
 [ 6 ] [ 1 ] [ 1 ] [ 6 ] [ 6 ] [ 5 ] [ 6 ] [ 6 ] [ 6 ] [ 4 ] [ 6 ] [ 5 ] [ 1 ] [ 3 ] [ 3 ] [ 1 ] [ 1 ] [ 6 ] [ 6 ] [ 1 ] [ 4 ] [ 6 ] [ 1 ] [ 0 ] [ 6 ] [ 4 ] [ 4 ] [ 6 ] [ 6 ] [ 6 ] [ 1 ] [ 1 ] [ 4 ] [ 4 ] [ 1 ] [ 6 ] [ 1 ] [ 6 ] [ 4 ] [ 1 ] [ 3 ] [ 1 ] [ 5 ] [ 4 ] [ 5 ] [ 1 ] [ 5 ] [ 1 ] [ 5 ] [ 3 ] [ 1 ] [ 5 ] [ 3 ] [ 6 ] [ 3 ] [ 3 ] [ 4 ] [ 4 ] [ 1 ] [ 1 ] [ 6 ] [ 1 ] [ 6 ] [ 4 ]
 [ 6 ] [ 1 ] [ 1 ] [ 2 ] [ 6 ] [ 5 ] [ 6 ] [ 6 ] [ 6 ] [ 4 ] [ 6 ] [ 5 ] [ 1 ] [ 2 ] [ 4 ] [ 1 ] [ 1 ] [ 6 ] [ 6 ] [ 1 ] [ 4 ] [ 6 ] [ 1 ] [ 0 ] [ 6 ] [ 2 ] [ 4 ] [ 6 ] [ 6 ] [ 6 ] [ 1 ] [ 1 ] [ 4 ] [ 4 ] [ 1 ] [ 6 ] [ 1 ] [ 6 ] [ 4 ] [ 1 ] [ 6 ] [ 1 ] [ 5 ] [ 4 ] [ 5 ] [ 1 ] [ 5 ] [ 1 ] [ 5 ] [ 5 ] [ 2 ] [ 5 ] [ 2 ] [ 6 ] [ 2 ] [ 4 ] [ 4 ] [ 4 ] [ 1 ] [ 1 ] [ 6 ] [ 1 ] [ 6 ] [ 2 ]
 [ -1 ] [ -1 ] [ -1 ] [ 2 ] [ -1 ] [ 3 ] [ -1 ] [ -1 ] [ -1 ] [ 3 ] [ -1 ] [ -1 ] [ -1 ] [ 2 ] [ 3 ] [ -1 ] [ -1 ] [ -1 ] [ -1 ] [ -1 ] [ -1 ] [ -1 ] [ -1 ] [ 0 ] [ -1 ] [ 2 ] [ -1 ] [ -1 ] [ -1 ] [ -1 ] [ -1 ] [ 3 ] [ -1 ] [ -1 ] [ 3 ] [ -1 ] [ -1 ] [ -1 ] [ -1 ] [ -1 ] [ 3 ] [ -1 ] [ -1 ] [ -1 ] [ 3 ] [ -1 ] [ -1 ] [ -1 ] [ -1 ] [ 3 ] [ 2 ] [ 3 ] [ 2 ] [ -1 ] [ 3 ] [ 3 ] [ -1 ] [ -1 ] [ -1 ] [ -1 ] [ -1 ] [ -1 ] [ -1 ] [ 2 ]
 [ -1 ] [ -1 ] [ -1 ] [ 2 ] [ -1 ] [ 3 ] [ -1 ] [ -1 ] [ -1 ] [ 3 ] [ -1 ] [ -1 ] [ -1 ] [ 2 ] [ 3 ] [ -1 ] [ -1 ] [ -1 ] [ -1 ] [ -1 ] [ -1 ] [ -1 ] [ -1 ] [ 0 ] [ -1 ] [ 2 ] [ -1 ] [ -1 ] [ -1 ] [ -1 ] [ -1 ] [ 3 ] [ -1 ] [ -1 ] [ 3 ] [ -1 ] [ -1 ] [ -1 ] [ -1 ] [ -1 ] [ 3 ] [ -1 ] [ -1 ] [ -1 ] [ 3 ] [ -1 ] [ -1 ] [ -1 ] [ -1 ] [ 3 ] [ 2 ] [ 3 ] [ 2 ] [ -1 ] [ 3 ] [ 3 ] [ -1 ] [ -1 ] [ -1 ] [ -1 ] [ -1 ] [ -1 ] [ -1 ] [ 2 ]
 [ -1 ] [ -1 ] [ -1 ] [ 2 ] [ -1 ] [ 3 ] [ -1 ] [ -1 ] [ -1 ] [ 3 ] [ -1 ] [ -1 ] [ -1 ] [ 2 ] [ 3 ] [ -1 ] [ -1 ] [ -1 ] [ -1 ] [ -1 ] [ -1 ] [ -1 ] [ -1 ] [ 0 ] [ -1 ] [ 2 ] [ -1 ] [ -1 ] [ -1 ] [ -1 ] [ -1 ] [ 3 ] [ -1 ] [ -1 ] [ 3 ] [ -1 ] [ -1 ] [ -1 ] [ -1 ] [ -1 ] [ 3 ] [ -1 ] [ -1 ] [ -1 ] [ 3 ] [ -1 ] [ -1 ] [ -1 ] [ -1 ] [ 3 ] [ 2 ] [ 3 ] [ 2 ] [ -1 ] [ 3 ] [ 3 ] [ -1 ] [ -1 ] [ -1 ] [ -1 ] [ -1 ] [ -1 ] [ -1 ] [ 2 ]
 [ -1 ] [ -1 ] [ -1 ] [ -1 ] [ -1 ] [ -1 ] [ -1 ] [ -1 ] [ -1 ] [ -1 ] [ -1 ] [ -1 ] [ -1 ] [ -1 ] [ -1 ] [ -1 ] [ -1 ] [ -1 ] [ -1 ] [ -1 ] [ -1 ] [ -1 ] [ -1 ] [ 0 ] [ -1 ] [ -1 ] [ -1 ] [ -1 ] [ -1 ] [ -1 ] [ -1 ] [ -1 ] [ -1 ] [ -1 ] [ -1 ] [ -1 ] [ -1 ] [ -1 ] [ -1 ] [ -1 ] [ -1 ] [ -1 ] [ -1 ] [ -1 ] [ -1 ] [ -1 ] [ -1 ] [ -1 ] [ -1 ] [ -1 ] [ -1 ] [ -1 ] [ -1 ] [ -1 ] [ -1 ] [ -1 ] [ -1 ] [ -1 ] [ -1 ] [ -1 ] [ -1 ] [ -1 ] [ -1 ] [ -1 ]
 [ -1 ] [ -1 ] [ -1 ] [ -1 ] [ -1 ] [ -1 ] [ -1 ] [ -1 ] [ -1 ] [ -1 ] [ -1 ] [ -1 ] [ -1 ] [ -1 ] [ -1 ] [ -1 ] [ -1 ] [ -1 ] [ -1 ] [ -1 ] [ -1 ] [ -1 ] [ -1 ] [ 0 ] [ -1 ] [ -1 ] [ -1 ] [ -1 ] [ -1 ] [ -1 ] [ -1 ] [ -1 ] [ -1 ] [ -1 ] [ -1 ] [ -1 ] [ -1 ] [ -1 ] [ -1 ] [ -1 ] [ -1 ] [ -1 ] [ -1 ] [ -1 ] [ -1 ] [ -1 ] [ -1 ] [ -1 ] [ -1 ] [ -1 ] [ -1 ] [ -1 ] [ -1 ] [ -1 ] [ -1 ] [ -1 ] [ -1 ] [ -1 ] [ -1 ] [ -1 ] [ -1 ] [ -1 ] [ -1 ] [ -1 ]
 [ -1 ] [ -1 ] [ -1 ] [ -1 ] [ -1 ] [ -1 ] [ -1 ] [ -1 ] [ -1 ] [ -1 ] [ -1 ] [ -1 ] [ -1 ] [ -1 ] [ -1 ] [ -1 ] [ -1 ] [ -1 ] [ -1 ] [ -1 ] [ -1 ] [ -1 ] [ -1 ] [ 0 ] [ -1 ] [ -1 ] [ -1 ] [ -1 ] [ -1 ] [ -1 ] [ -1 ] [ -1 ] [ -1 ] [ -1 ] [ -1 ] [ -1 ] [ -1 ] [ -1 ] [ -1 ] [ -1 ] [ -1 ] [ -1 ] [ -1 ] [ -1 ] [ -1 ] [ -1 ] [ -1 ] [ -1 ] [ -1 ] [ -1 ] [ -1 ] [ -1 ] [ -1 ] [ -1 ] [ -1 ] [ -1 ] [ -1 ] [ -1 ] [ -1 ] [ -1 ] [ -1 ] [ -1 ] [ -1 ] [ -1 ]
 [ -1 ] [ -1 ] [ -1 ] [ -1 ] [ -1 ] [ -1 ] [ -1 ] [ -1 ] [ -1 ] [ -1 ] [ -1 ] [ -1 ] [ -1 ] [ -1 ] [ -1 ] [ -1 ] [ -1 ] [ -1 ] [ -1 ] [ -1 ] [ -1 ] [ -1 ] [ -1 ] [ 0 ] [ -1 ] [ -1 ] [ -1 ] [ -1 ] [ -1 ] [ -1 ] [ -1 ] [ -1 ] [ -1 ] [ -1 ] [ -1 ] [ -1 ] [ -1 ] [ -1 ] [ -1 ] [ -1 ] [ -1 ] [ -1 ] [ -1 ] [ -1 ] [ -1 ] [ -1 ] [ -1 ] [ -1 ] [ -1 ] [ -1 ] [ -1 ] [ -1 ] [ -1 ] [ -1 ] [ -1 ] [ -1 ] [ -1 ] [ -1 ] [ -1 ] [ -1 ] [ -1 ] [ -1 ] [ -1 ] [ -1 ]
 [ -1 ] [ -1 ] [ -1 ] [ -1 ] [ -1 ] [ -1 ] [ -1 ] [ -1 ] [ -1 ] [ -1 ] [ -1 ] [ -1 ] [ -1 ] [ -1 ] [ -1 ] [ -1 ] [ -1 ] [ -1 ] [ -1 ] [ -1 ] [ -1 ] [ -1 ] [ -1 ] [ 0 ] [ -1 ] [ -1 ] [ -1 ] [ -1 ] [ -1 ] [ -1 ] [ -1 ] [ -1 ] [ -1 ] [ -1 ] [ -1 ] [ -1 ] [ -1 ] [ -1 ] [ -1 ] [ -1 ] [ -1 ] [ -1 ] [ -1 ] [ -1 ] [ -1 ] [ -1 ] [ -1 ] [ -1 ] [ -1 ] [ -1 ] [ -1 ] [ -1 ] [ -1 ] [ -1 ] [ -1 ] [ -1 ] [ -1 ] [ -1 ] [ -1 ] [ -1 ] [ -1 ] [ -1 ] [ -1 ] [ -1 ]
 [ -1 ] [ -1 ] [ -1 ] [ -1 ] [ -1 ] [ -1 ] [ -1 ] [ -1 ] [ -1 ] [ -1 ] [ -1 ] [ -1 ] [ -1 ] [ -1 ] [ -1 ] [ -1 ] [ -1 ] [ -1 ] [ -1 ] [ -1 ] [ -1 ] [ -1 ] [ -1 ] [ 0 ] [ -1 ] [ -1 ] [ -1 ] [ -1 ] [ -1 ] [ -1 ] [ -1 ] [ -1 ] [ -1 ] [ -1 ] [ -1 ] [ -1 ] [ -1 ] [ -1 ] [ -1 ] [ -1 ] [ -1 ] [ -1 ] [ -1 ] [ -1 ] [ -1 ] [ -1 ] [ -1 ] [ -1 ] [ -1 ] [ -1 ] [ -1 ] [ -1 ] [ -1 ] [ -1 ] [ -1 ] [ -1 ] [ -1 ] [ -1 ] [ -1 ] [ -1 ] [ -1 ] [ -1 ] [ -1 ] [ -1 ]
 [ -1 ] [ -1 ] [ -1 ] [ -1 ] [ -1 ] [ -1 ] [ -1 ] [ -1 ] [ -1 ] [ -1 ] [ -1 ] [ -1 ] [ -1 ] [ -1 ] [ -1 ] [ -1 ] [ -1 ] [ -1 ] [ -1 ] [ -1 ] [ -1 ] [ -1 ] [ -1 ] [ 0 ] [ -1 ] [ -1 ] [ -1 ] [ -1 ] [ -1 ] [ -1 ] [ -1 ] [ -1 ] [ -1 ] [ -1 ] [ -1 ] [ -1 ] [ -1 ] [ -1 ] [ -1 ] [ -1 ] [ -1 ] [ -1 ] [ -1 ] [ -1 ] [ -1 ] [ -1 ] [ -1 ] [ -1 ] [ -1 ] [ -1 ] [ -1 ] [ -1 ] [ -1 ] [ -1 ] [ -1 ] [ -1 ] [ -1 ] [ -1 ] [ -1 ] [ -1 ] [ -1 ] [ -1 ] [ -1 ] [ -1 ]
 [ -1 ] [ -1 ] [ -1 ] [ -1 ] [ -1 ] [ -1 ] [ -1 ] [ -1 ] [ -1 ] [ -1 ] [ -1 ] [ -1 ] [ -1 ] [ -1 ] [ -1 ] [ -1 ] [ -1 ] [ -1 ] [ -1 ] [ -1 ] [ -1 ] [ -1 ] [ -1 ] [ 0 ] [ -1 ] [ -1 ] [ -1 ] [ -1 ] [ -1 ] [ -1 ] [ -1 ] [ -1 ] [ -1 ] [ -1 ] [ -1 ] [ -1 ] [ -1 ] [ -1 ] [ -1 ] [ -1 ] [ -1 ] [ -1 ] [ -1 ] [ -1 ] [ -1 ] [ -1 ] [ -1 ] [ -1 ] [ -1 ] [ -1 ] [ -1 ] [ -1 ] [ -1 ] [ -1 ] [ -1 ] [ -1 ] [ -1 ] [ -1 ] [ -1 ] [ -1 ] [ -1 ] [ -1 ] [ -1 ] [ -1 ]
 [ -1 ] [ -1 ] [ -1 ] [ -1 ] [ -1 ] [ -1 ] [ -1 ] [ -1 ] [ -1 ] [ -1 ] [ -1 ] [ -1 ] [ -1 ] [ -1 ] [ -1 ] [ -1 ] [ -1 ] [ -1 ] [ -1 ] [ -1 ] [ -1 ] [ -1 ] [ -1 ] [ 0 ] [ -1 ] [ -1 ] [ -1 ] [ -1 ] [ -1 ] [ -1 ] [ -1 ] [ -1 ] [ -1 ] [ -1 ] [ -1 ] [ -1 ] [ -1 ] [ -1 ] [ -1 ] [ -1 ] [ -1 ] [ -1 ] [ -1 ] [ -1 ] [ -1 ] [ -1 ] [ -1 ] [ -1 ] [ -1 ] [ -1 ] [ -1 ] [ -1 ] [ -1 ] [ -1 ] [ -1 ] [ -1 ] [ -1 ] [ -1 ] [ -1 ] [ -1 ] [ -1 ] [ -1 ] [ -1 ] [ -1 ]
 [ -1 ] [ -1 ] [ -1 ] [ -1 ] [ -1 ] [ -1 ] [ -1 ] [ -1 ] [ -1 ] [ -1 ] [ -1 ] [ -1 ] [ -1 ] [ -1 ] [ -1 ] [ -1 ] [ -1 ] [ -1 ] [ -1 ] [ -1 ] [ -1 ] [ -1 ] [ -1 ] [ 0 ] [ -1 ] [ -1 ] [ -1 ] [ -1 ] [ -1 ] [ -1 ] [ -1 ] [ -1 ] [ -1 ] [ -1 ] [ -1 ] [ -1 ] [ -1 ] [ -1 ] [ -1 ] [ -1 ] [ -1 ] [ -1 ] [ -1 ] [ -1 ] [ -1 ] [ -1 ] [ -1 ] [ -1 ] [ -1 ] [ -1 ] [ -1 ] [ -1 ] [ -1 ] [ -1 ] [ -1 ] [ -1 ] [ -1 ] [ -1 ] [ -1 ] [ -1 ] [ -1 ] [ -1 ] [ -1 ] [ -1 ]
