(50,1,22),2
(35,9,53),4
(52,17,23),6
(49,20,43),8
(56,33,36),10
(49,36,52),12
(8,37,19),14
(61,8,22),16
(60,22,54),18
(19,47,6),20
(16,49,25),22
(53,51,63),24
(11,54,38),26
(26,11,12),28
(16,56,46),30
(0,57,50),32
(21,59,23),34
(18,0,2),36
(18,0,39),36
(2,0,39),37
(34,18,21),39
(60,34,13),41
(42,39,12),43
(4,12,38),45
(50,60,6),47
(30,6,63),49
(38,2,21),51
(38,2,62),51
(21,2,62),52
(4,3,38),54
(4,3,55),54
(38,3,55),55
(7,38,55),57
(21,7,62),59
(16,55,58),61
(32,21,13),63
(32,21,52),63
(13,21,52),64
(16,32,35),66
(23,16,29),68
(23,16,62),68
(29,16,62),69
(48,23,43),71
(41,62,63),73
(24,41,13),75
(58,63,46),77
(27,58,30),79
(24,30,53),81
(25,24,27),83
(42,53,13),85
(35,13,46),87
(27,42,46),89
(26,35,44),91
(27,26,43),93
(4,43,29),96
(45,61,14),98
(45,61,31),98
(14,61,31),99
(44,45,46),101
(44,45,15),101
(46,45,15),102
(19,46,52),104
(5,52,15),106
(44,15,31),108
(25,44,29),110
(25,29,14),112
(4,25,5),114
(19,31,5),116
(48,5,50),118
(10,48,14),120
(10,19,14),122
(50,10,4),125
