Forbidden  Turns
(32,7,56),4
(34,40,56),5
(11,45,56),8
(32,46,56),9
(34,13,5),10
(34,13,56),10
(5,13,56),10
(32,14,5),11
(32,14,40),11
(32,14,13),11
(32,14,46),11
(32,14,56),11
(5,14,40),11
(5,14,13),11
(5,14,46),11
(5,14,56),11
(40,14,13),11
(40,14,46),11
(40,14,56),11
(13,14,46),11
(13,14,56),11
(46,14,56),11
(5,30,40),13
(5,30,13),13
(5,30,56),13
(40,30,13),13
(40,30,56),13
(13,30,56),13
(32,12,7),14
(32,12,59),14
(7,12,59),14
(32,38,42),15
(32,38,12),15
(32,38,45),15
(32,38,30),15
(42,38,12),15
(42,38,45),15
(42,38,30),15
(12,38,45),15
(12,38,30),15
(45,38,30),15
(32,9,45),16
(32,44,45),17
(32,44,42),17
(45,44,42),17
(32,47,46),18
(32,22,11),19
(32,22,44),19
(11,22,44),19
(32,58,12),20
(32,58,22),20
(12,58,22),20
(32,27,44),21
(32,27,22),21
(32,27,59),21
(44,27,22),21
(44,27,59),21
(22,27,59),21
(34,2,11),22
(34,2,44),22
(11,2,44),22
(34,37,47),23
(34,37,58),23
(47,37,58),23
(34,43,9),24
(34,43,13),24
(34,43,14),24
(34,43,27),24
(9,43,13),24
(9,43,14),24
(9,43,27),24
(13,43,14),24
(13,43,27),24
(14,43,27),24
(34,16,40),25
(34,16,11),25
(34,16,47),25
(40,16,11),25
(40,16,47),25
(11,16,47),25
(34,18,2),26
(34,18,27),26
(2,18,27),26
(34,19,37),27
(34,19,43),27
(34,19,58),27
(34,19,27),27
(37,19,43),27
(37,19,58),27
(37,19,27),27
(43,19,58),27
(43,19,27),27
(58,19,27),27
(5,15,16),28
(5,15,30),28
(16,15,30),28
(5,50,38),29
(5,50,40),29
(5,50,9),29
(38,50,40),29
(38,50,9),29
(40,50,9),29
(7,39,42),30
(7,39,12),30
(42,39,12),30
(7,52,43),31
(7,52,13),31
(7,52,46),31
(43,52,13),31
(43,52,46),31
(13,52,46),31
(7,25,12),32
(7,25,46),32
(12,25,46),32
(2,61,39),33
(2,61,7),33
(2,61,12),33
(2,61,46),33
(39,61,7),33
(39,61,12),33
(39,61,46),33
(7,61,12),33
(7,61,46),33
(12,61,46),33
(40,33,18),34
(37,35,40),35
(37,35,44),35
(37,35,16),35
(40,35,44),35
(40,35,16),35
(44,35,16),35
(40,8,33),36
(8,49,40),37
(40,20,18),38
(40,20,30),38
(18,20,30),38
(40,55,45),39
(40,55,46),39
(40,55,14),39
(40,55,25),39
(40,55,59),39
(45,55,46),39
(45,55,14),39
(45,55,25),39
(45,55,59),39
(46,55,14),39
(46,55,25),39
(46,55,59),39
(14,55,25),39
(14,55,59),39
(25,55,59),39
(59,63,40),40
(59,63,15),40
(59,63,52),40
(59,63,55),40
(59,63,25),40
(59,63,27),40
(40,63,15),40
(40,63,52),40
(40,63,55),40
(40,63,25),40
(40,63,27),40
(15,63,52),40
(15,63,55),40
(15,63,25),40
(15,63,27),40
(52,63,55),40
(52,63,25),40
(52,63,27),40
(55,63,25),40
(55,63,27),40
(25,63,27),40
(9,21,42),41
(9,21,30),41
(42,21,30),41
(42,54,15),42
(42,54,50),42
(42,54,52),42
(42,54,47),42
(15,54,50),42
(15,54,52),42
(15,54,47),42
(50,54,52),42
(50,54,47),42
(52,54,47),42
(16,26,2),43
(16,26,42),43
(16,26,44),43
(16,26,14),43
(16,26,25),43
(16,26,59),43
(16,26,61),43
(2,26,42),43
(2,26,44),43
(2,26,14),43
(2,26,25),43
(2,26,59),43
(2,26,61),43
(42,26,44),43
(42,26,14),43
(42,26,25),43
(42,26,59),43
(42,26,61),43
(44,26,14),43
(44,26,25),43
(44,26,59),43
(44,26,61),43
(14,26,25),43
(14,26,59),43
(14,26,61),43
(25,26,59),43
(25,26,61),43
(59,26,61),43
(11,6,12),44
(11,6,15),44
(11,6,16),44
(11,6,18),44
(12,6,15),44
(12,6,16),44
(12,6,18),44
(15,6,16),44
(15,6,18),44
(16,6,18),44
(33,4,35),45
(33,4,6),45
(33,4,9),45
(33,4,45),45
(33,4,46),45
(33,4,50),45
(33,4,27),45
(35,4,6),45
(35,4,9),45
(35,4,45),45
(35,4,46),45
(35,4,50),45
(35,4,27),45
(6,4,9),45
(6,4,45),45
(6,4,46),45
(6,4,50),45
(6,4,27),45
(9,4,45),45
(9,4,46),45
(9,4,50),45
(9,4,27),45
(45,4,46),45
(45,4,50),45
(45,4,27),45
(46,4,50),45
(46,4,27),45
(50,4,27),45
(43,29,12),46
(43,29,45),46
(43,29,13),46
(43,29,21),46
(12,29,45),46
(12,29,13),46
(12,29,21),46
(45,29,13),46
(45,29,21),46
(13,29,21),46
(2,17,9),47
(2,17,12),47
(2,17,46),47
(2,17,50),47
(2,17,58),47
(2,17,30),47
(9,17,12),47
(9,17,46),47
(9,17,50),47
(9,17,58),47
(9,17,30),47
(12,17,46),47
(12,17,50),47
(12,17,58),47
(12,17,30),47
(46,17,50),47
(46,17,58),47
(46,17,30),47
(50,17,58),47
(50,17,30),47
(58,17,30),47
(33,31,2),48
(33,31,38),48
(33,31,46),48
(33,31,17),48
(33,31,19),48
(2,31,38),48
(2,31,46),48
(2,31,17),48
(2,31,19),48
(38,31,46),48
(38,31,17),48
(38,31,19),48
(46,31,17),48
(46,31,19),48
(17,31,19),48
(4,0,13),49
(4,0,15),49
(4,0,17),49
(4,0,19),49
(4,0,30),49
(13,0,15),49
(13,0,17),49
(13,0,19),49
(13,0,30),49
(15,0,17),49
(15,0,19),49
(15,0,30),49
(17,0,19),49
(17,0,30),49
(19,0,30),49
(35,24,14),50
(35,24,47),50
(35,24,21),50
(35,24,26),50
(35,24,61),50
(14,24,47),50
(14,24,21),50
(14,24,26),50
(14,24,61),50
(47,24,21),50
(47,24,26),50
(47,24,61),50
(21,24,26),50
(21,24,61),50
(26,24,61),50
(0,53,59),51
(0,53,2),51
(0,53,61),51
(59,53,2),51
(59,53,61),51
(2,53,61),51
(35,28,37),52
(35,28,6),52
(35,28,49),52
(35,28,30),52
(35,28,63),52
(37,28,6),52
(37,28,49),52
(37,28,30),52
(37,28,63),52
(6,28,49),52
(6,28,30),52
(6,28,63),52
(49,28,30),52
(49,28,63),52
(30,28,63),52
(16,41,39),53
(16,41,12),53
(16,41,49),53
(16,41,18),53
(16,41,52),53
(16,41,54),53
(16,41,25),53
(16,41,29),53
(39,41,12),53
(39,41,49),53
(39,41,18),53
(39,41,52),53
(39,41,54),53
(39,41,25),53
(39,41,29),53
(12,41,49),53
(12,41,18),53
(12,41,52),53
(12,41,54),53
(12,41,25),53
(12,41,29),53
(49,41,18),53
(49,41,52),53
(49,41,54),53
(49,41,25),53
(49,41,29),53
(18,41,52),53
(18,41,54),53
(18,41,25),53
(18,41,29),53
(52,41,54),53
(52,41,25),53
(52,41,29),53
(54,41,25),53
(54,41,29),53
(25,41,29),53
(4,36,38),54
(4,36,16),54
(4,36,20),54
(4,36,58),54
(4,36,27),54
(38,36,16),54
(38,36,20),54
(38,36,58),54
(38,36,27),54
(16,36,20),54
(16,36,58),54
(16,36,27),54
(20,36,58),54
(20,36,27),54
(58,36,27),54
(4,10,41),55
(4,10,44),55
(4,10,18),55
(4,10,24),55
(4,10,28),55
(41,10,44),55
(41,10,18),55
(41,10,24),55
(41,10,28),55
(44,10,18),55
(44,10,24),55
(44,10,28),55
(18,10,24),55
(18,10,28),55
(24,10,28),55
(52,60,21),56
(52,60,22),56
(52,60,27),56
(52,60,61),56
(21,60,22),56
(21,60,27),56
(21,60,61),56
(22,60,27),56
(22,60,61),56
(27,60,61),56
(27,62,28),57
(27,62,15),57
(28,62,15),57
(0,23,37),58
(0,23,17),58
(0,23,54),58
(0,23,26),58
(37,23,17),58
(37,23,54),58
(37,23,26),58
(17,23,54),58
(17,23,26),58
(54,23,26),58
(39,48,41),59
(39,48,10),59
(39,48,16),59
(39,48,24),59
(39,48,26),59
(39,48,29),59
(39,48,62),59
(39,48,31),59
(41,48,10),59
(41,48,16),59
(41,48,24),59
(41,48,26),59
(41,48,29),59
(41,48,62),59
(41,48,31),59
(10,48,16),59
(10,48,24),59
(10,48,26),59
(10,48,29),59
(10,48,62),59
(10,48,31),59
(16,48,24),59
(16,48,26),59
(16,48,29),59
(16,48,62),59
(16,48,31),59
(24,48,26),59
(24,48,29),59
(24,48,62),59
(24,48,31),59
(26,48,29),59
(26,48,62),59
(26,48,31),59
(29,48,62),59
(29,48,31),59
(62,48,31),59
(16,57,26),60
(16,57,31),60
(26,57,31),60
(15,1,35),61
(15,1,60),61
(15,1,21),61
(15,1,63),61
(35,1,60),61
(35,1,21),61
(35,1,63),61
(60,1,21),61
(60,1,63),61
(21,1,63),61
(41,3,23),62
(41,3,49),62
(41,3,52),62
(41,3,21),62
(41,3,25),62
(41,3,57),62
(41,3,53),62
(23,3,49),62
(23,3,52),62
(23,3,21),62
(23,3,25),62
(23,3,57),62
(23,3,53),62
(49,3,52),62
(49,3,21),62
(49,3,25),62
(49,3,57),62
(49,3,53),62
(52,3,21),62
(52,3,25),62
(52,3,57),62
(52,3,53),62
(21,3,25),62
(21,3,57),62
(21,3,53),62
(25,3,57),62
(25,3,53),62
(57,3,53),62
(17,51,10),63
(17,51,6),63
(17,51,62),63
(17,51,33),63
(10,51,6),63
(10,51,62),63
(10,51,33),63
(6,51,62),63
(6,51,33),63
(62,51,33),63
