0 56 34 59 7
1 60 42 4 5
2 20 35 60 17
3 42 49 18 51 57 26
4 1 10 43 47 18 59 29
5 9 1 49 63
6 43 27
7 0 40 43 47 48 60 30
8 58 60 30 14
9 43 27 12 5
10 4 31
11 33 50 51
12 41 19 53 62 9
13 56 63 39 41 55
14 37 8 42 52 57 27 60
15 56 37 20 29 47
16 49 50
17 24 25 2 36
18 34 3 4 37 53 55
19 41 55 12 60
20 2 38 15
21 32 43 63
22 60 23
23 22
24 17 50 28 30
25 17 50 62 39
26 48 43 3 54 49
27 9 60 14 6
28 24 51
29 32 49 4 61 15
30 8 24 60 7
31 56 10
32 34 21 38 29
33 48 49 11 56
34 0 41 18 36 32
35 56 2 53 62
36 17 34
37 39 40 44 14 15 18 46 56
38 32 20 46
39 25 37 13
40 57 37 7
41 34 19 12 13 55
42 1 3 14
43 4 6 7 9 21 26
44 37 46
45 51
46 44 53 38 37
47 57 7 4 15
48 33 26 7
49 33 3 5 16 26 29
50 24 25 11 16
51 3 11 28 45 53
52 14 55
53 35 18 51 12 46
54 26
55 41 18 19 52 13
56 0 33 35 37 13 15 61 31
57 3 40 14 47 59 62
58 8
59 0 57 4
60 1 2 7 8 14 19 22 27 30
61 56 29
62 25 35 12 57
63 13 5 21
