Forbidden  Turns
(18,0,35),0
(40,2,57),1
(34,7,5),2
(24,29,61),3
(27,35,14),5
(63,27,39),6
(3,36,60),7
(25,50,4),8
(13,52,30),9
(9,13,47),10
(1,54,47),11
(56,60,17),12
(8,1,32),13
(8,1,26),13
(32,1,26),13
(12,32,6),14
(43,3,59),15
(43,3,4),15
(59,3,4),15
(8,4,20),16
(24,5,45),17
(24,5,23),17
(45,5,23),17
(59,24,47),18
(12,45,22),19
(57,6,59),20
(57,6,51),20
(59,6,51),20
(42,57,10),21
(22,10,39),22
(38,59,47),23
(16,9,25),24
(16,9,8),24
(25,9,8),24
(34,12,11),25
(34,12,23),25
(11,12,23),25
(8,34,20),26
(58,15,11),27
(58,15,63),27
(11,15,63),27
(19,63,23),28
(40,23,58),29
(8,40,56),30
(41,56,53),31
(26,53,62),32
(25,26,21),33
(58,62,51),34
(33,58,19),35
(43,19,22),36
(18,22,38),37
(21,38,31),38
(20,8,30),39
(20,8,55),39
(30,8,55),39
(48,20,43),40
(25,43,37),41
(51,25,14),42
(18,37,39),43
(11,51,14),44
(16,11,30),45
(33,16,30),46
(49,33,31),47
(17,49,14),48
(48,14,21),49
(42,21,31),50
(48,42,47),52
(44,46,47),53
(18,39,55),55
(17,44,41),56
(41,48,18),57
(17,41,28),58
(30,28,55),61
