Forbidden  Turns
(39,50,56),6
(38,47,56),7
(38,48,50),8
(38,48,54),8
(38,48,56),8
(50,48,54),8
(50,48,56),8
(54,48,56),8
(43,17,47),9
(43,17,48),9
(43,17,56),9
(43,17,39),9
(47,17,48),9
(47,17,56),9
(47,17,39),9
(48,17,56),9
(48,17,39),9
(56,17,39),9
(47,37,56),10
(56,22,17),11
(56,22,50),11
(56,22,54),11
(17,22,50),11
(17,22,54),11
(50,22,54),11
(38,57,48),12
(38,57,50),12
(38,57,22),12
(38,57,56),12
(48,57,50),12
(48,57,22),12
(48,57,56),12
(50,57,22),12
(50,57,56),12
(22,57,56),12
(36,15,38),13
(36,15,22),13
(36,15,56),13
(36,15,57),13
(38,15,22),13
(38,15,56),13
(38,15,57),13
(22,15,56),13
(22,15,57),13
(56,15,57),13
(36,29,37),14
(36,29,43),14
(36,29,22),14
(36,29,56),14
(37,29,43),14
(37,29,22),14
(37,29,56),14
(43,29,22),14
(43,29,56),14
(22,29,56),14
(36,62,37),15
(36,62,54),15
(36,62,56),15
(37,62,54),15
(37,62,56),15
(54,62,56),15
(43,63,48),16
(43,63,54),16
(43,63,56),16
(43,63,29),16
(43,63,37),16
(48,63,54),16
(48,63,56),16
(48,63,29),16
(48,63,37),16
(54,63,56),16
(54,63,29),16
(54,63,37),16
(56,63,29),16
(56,63,37),16
(29,63,37),16
(36,2,38),17
(36,2,54),17
(36,2,57),17
(38,2,54),17
(38,2,57),17
(54,2,57),17
(2,42,36),19
(2,42,47),19
(36,42,47),19
(36,16,38),20
(36,16,39),20
(36,16,43),20
(36,16,22),20
(36,16,37),20
(36,16,62),20
(36,16,63),20
(38,16,39),20
(38,16,43),20
(38,16,22),20
(38,16,37),20
(38,16,62),20
(38,16,63),20
(39,16,43),20
(39,16,22),20
(39,16,37),20
(39,16,62),20
(39,16,63),20
(43,16,22),20
(43,16,37),20
(43,16,62),20
(43,16,63),20
(22,16,37),20
(22,16,62),20
(22,16,63),20
(37,16,62),20
(37,16,63),20
(62,16,63),20
(36,19,47),21
(36,19,48),21
(47,19,48),21
(43,30,36),22
(43,30,38),22
(43,30,48),22
(43,30,22),22
(36,30,38),22
(36,30,48),22
(36,30,22),22
(38,30,48),22
(38,30,22),22
(48,30,22),22
(36,23,17),23
(36,23,62),23
(17,23,62),23
(43,24,36),24
(43,24,17),24
(43,24,22),24
(43,24,23),24
(43,24,30),24
(36,24,17),24
(36,24,22),24
(36,24,23),24
(36,24,30),24
(17,24,22),24
(17,24,23),24
(17,24,30),24
(22,24,23),24
(22,24,30),24
(23,24,30),24
(36,25,43),25
(36,25,3),25
(36,25,54),25
(36,25,62),25
(43,25,3),25
(43,25,54),25
(43,25,62),25
(3,25,54),25
(3,25,62),25
(54,25,62),25
(2,26,36),26
(2,26,19),26
(2,26,57),26
(2,26,25),26
(2,26,29),26
(2,26,62),26
(36,26,19),26
(36,26,57),26
(36,26,25),26
(36,26,29),26
(36,26,62),26
(19,26,57),26
(19,26,25),26
(19,26,29),26
(19,26,62),26
(57,26,25),26
(57,26,29),26
(57,26,62),26
(25,26,29),26
(25,26,62),26
(29,26,62),26
(36,27,42),27
(36,27,50),27
(36,27,23),27
(36,27,24),27
(42,27,50),27
(42,27,23),27
(42,27,24),27
(50,27,23),27
(50,27,24),27
(23,27,24),27
(36,28,39),28
(36,28,43),28
(36,28,54),28
(36,28,63),28
(36,28,29),28
(39,28,43),28
(39,28,54),28
(39,28,63),28
(39,28,29),28
(43,28,54),28
(43,28,63),28
(43,28,29),28
(54,28,63),28
(54,28,29),28
(63,28,29),28
(54,0,15),29
(54,0,22),29
(54,0,29),29
(54,0,30),29
(15,0,22),29
(15,0,29),29
(15,0,30),29
(22,0,29),29
(22,0,30),29
(29,0,30),29
(0,4,2),30
(0,4,54),30
(0,4,29),30
(2,4,54),30
(2,4,29),30
(54,4,29),30
(19,7,17),31
(19,7,54),31
(19,7,28),31
(19,7,3),31
(19,7,23),31
(19,7,27),31
(17,7,54),31
(17,7,28),31
(17,7,3),31
(17,7,23),31
(17,7,27),31
(54,7,28),31
(54,7,3),31
(54,7,23),31
(54,7,27),31
(28,7,3),31
(28,7,23),31
(28,7,27),31
(3,7,23),31
(3,7,27),31
(23,7,27),31
(3,11,39),32
(3,11,16),32
(3,11,17),32
(3,11,54),32
(3,11,24),32
(3,11,30),32
(39,11,16),32
(39,11,17),32
(39,11,54),32
(39,11,24),32
(39,11,30),32
(16,11,17),32
(16,11,54),32
(16,11,24),32
(16,11,30),32
(17,11,54),32
(17,11,24),32
(17,11,30),32
(54,11,24),32
(54,11,30),32
(24,11,30),32
(2,12,4),33
(2,12,42),33
(2,12,50),33
(2,12,19),33
(2,12,54),33
(2,12,23),33
(2,12,37),33
(4,12,42),33
(4,12,50),33
(4,12,19),33
(4,12,54),33
(4,12,23),33
(4,12,37),33
(42,12,50),33
(42,12,19),33
(42,12,54),33
(42,12,23),33
(42,12,37),33
(50,12,19),33
(50,12,54),33
(50,12,23),33
(50,12,37),33
(19,12,54),33
(19,12,23),33
(19,12,37),33
(54,12,23),33
(54,12,37),33
(23,12,37),33
(38,45,17),34
(38,45,50),34
(38,45,54),34
(38,45,30),34
(38,45,63),34
(17,45,50),34
(17,45,54),34
(17,45,30),34
(17,45,63),34
(50,45,54),34
(50,45,30),34
(50,45,63),34
(54,45,30),34
(54,45,63),34
(30,45,63),34
(3,13,39),35
(3,13,43),35
(3,13,54),35
(3,13,57),35
(3,13,25),35
(3,13,30),35
(39,13,43),35
(39,13,54),35
(39,13,57),35
(39,13,25),35
(39,13,30),35
(43,13,54),35
(43,13,57),35
(43,13,25),35
(43,13,30),35
(54,13,57),35
(54,13,25),35
(54,13,30),35
(57,13,25),35
(57,13,30),35
(25,13,30),35
(38,21,15),36
(38,21,48),36
(38,21,54),36
(38,21,57),36
(38,21,25),36
(38,21,28),36
(38,21,42),36
(38,21,37),36
(15,21,48),36
(15,21,54),36
(15,21,57),36
(15,21,25),36
(15,21,28),36
(15,21,42),36
(15,21,37),36
(48,21,54),36
(48,21,57),36
(48,21,25),36
(48,21,28),36
(48,21,42),36
(48,21,37),36
(54,21,57),36
(54,21,25),36
(54,21,28),36
(54,21,42),36
(54,21,37),36
(57,21,25),36
(57,21,28),36
(57,21,42),36
(57,21,37),36
(25,21,28),36
(25,21,42),36
(25,21,37),36
(28,21,42),36
(28,21,37),36
(42,21,37),36
(2,32,4),37
(2,32,37),37
(2,32,38),37
(2,32,47),37
(2,32,16),37
(2,32,22),37
(4,32,37),37
(4,32,38),37
(4,32,47),37
(4,32,16),37
(4,32,22),37
(37,32,38),37
(37,32,47),37
(37,32,16),37
(37,32,22),37
(38,32,47),37
(38,32,16),37
(38,32,22),37
(47,32,16),37
(47,32,22),37
(16,32,22),37
(2,5,3),38
(2,5,37),38
(2,5,38),38
(2,5,17),38
(2,5,7),38
(2,5,12),38
(2,5,19),38
(2,5,63),38
(3,5,37),38
(3,5,38),38
(3,5,17),38
(3,5,7),38
(3,5,12),38
(3,5,19),38
(3,5,63),38
(37,5,38),38
(37,5,17),38
(37,5,7),38
(37,5,12),38
(37,5,19),38
(37,5,63),38
(38,5,17),38
(38,5,7),38
(38,5,12),38
(38,5,19),38
(38,5,63),38
(17,5,7),38
(17,5,12),38
(17,5,19),38
(17,5,63),38
(7,5,12),38
(7,5,19),38
(7,5,63),38
(12,5,19),38
(12,5,63),38
(19,5,63),38
(0,41,37),39
(0,41,38),39
(0,41,42),39
(0,41,11),39
(0,41,13),39
(0,41,48),39
(0,41,3),39
(0,41,28),39
(37,41,38),39
(37,41,42),39
(37,41,11),39
(37,41,13),39
(37,41,48),39
(37,41,3),39
(37,41,28),39
(38,41,42),39
(38,41,11),39
(38,41,13),39
(38,41,48),39
(38,41,3),39
(38,41,28),39
(42,41,11),39
(42,41,13),39
(42,41,48),39
(42,41,3),39
(42,41,28),39
(11,41,13),39
(11,41,48),39
(11,41,3),39
(11,41,28),39
(13,41,48),39
(13,41,3),39
(13,41,28),39
(48,41,3),39
(48,41,28),39
(3,41,28),39
(38,10,7),40
(38,10,11),40
(38,10,17),40
(38,10,19),40
(38,10,21),40
(38,10,39),40
(38,10,25),40
(38,10,30),40
(7,10,11),40
(7,10,17),40
(7,10,19),40
(7,10,21),40
(7,10,39),40
(7,10,25),40
(7,10,30),40
(11,10,17),40
(11,10,19),40
(11,10,21),40
(11,10,39),40
(11,10,25),40
(11,10,30),40
(17,10,19),40
(17,10,21),40
(17,10,39),40
(17,10,25),40
(17,10,30),40
(19,10,21),40
(19,10,39),40
(19,10,25),40
(19,10,30),40
(21,10,39),40
(21,10,25),40
(21,10,30),40
(39,10,25),40
(39,10,30),40
(25,10,30),40
(5,9,38),41
(5,9,7),41
(5,9,42),41
(5,9,11),41
(5,9,22),41
(5,9,23),41
(5,9,57),41
(38,9,7),41
(38,9,42),41
(38,9,11),41
(38,9,22),41
(38,9,23),41
(38,9,57),41
(7,9,42),41
(7,9,11),41
(7,9,22),41
(7,9,23),41
(7,9,57),41
(42,9,11),41
(42,9,22),41
(42,9,23),41
(42,9,57),41
(11,9,22),41
(11,9,23),41
(11,9,57),41
(22,9,23),41
(22,9,57),41
(23,9,57),41
(32,35,39),42
(32,35,41),42
(32,35,7),42
(32,35,48),42
(32,35,21),42
(32,35,25),42
(32,35,62),42
(39,35,41),42
(39,35,7),42
(39,35,48),42
(39,35,21),42
(39,35,25),42
(39,35,62),42
(41,35,7),42
(41,35,48),42
(41,35,21),42
(41,35,25),42
(41,35,62),42
(7,35,48),42
(7,35,21),42
(7,35,25),42
(7,35,62),42
(48,35,21),42
(48,35,25),42
(48,35,62),42
(21,35,25),42
(21,35,62),42
(25,35,62),42
(39,31,10),43
(39,31,13),43
(39,31,57),43
(39,31,24),43
(39,31,25),43
(39,31,26),43
(39,31,28),43
(39,31,37),43
(10,31,13),43
(10,31,57),43
(10,31,24),43
(10,31,25),43
(10,31,26),43
(10,31,28),43
(10,31,37),43
(13,31,57),43
(13,31,24),43
(13,31,25),43
(13,31,26),43
(13,31,28),43
(13,31,37),43
(57,31,24),43
(57,31,25),43
(57,31,26),43
(57,31,28),43
(57,31,37),43
(24,31,25),43
(24,31,26),43
(24,31,28),43
(24,31,37),43
(25,31,26),43
(25,31,28),43
(25,31,37),43
(26,31,28),43
(26,31,37),43
(28,31,37),43
(35,34,41),44
(35,34,43),44
(35,34,16),44
(35,34,50),44
(35,34,25),44
(35,34,30),44
(35,34,31),44
(41,34,43),44
(41,34,16),44
(41,34,50),44
(41,34,25),44
(41,34,30),44
(41,34,31),44
(43,34,16),44
(43,34,50),44
(43,34,25),44
(43,34,30),44
(43,34,31),44
(16,34,50),44
(16,34,25),44
(16,34,30),44
(16,34,31),44
(50,34,25),44
(50,34,30),44
(50,34,31),44
(25,34,30),44
(25,34,31),44
(30,34,31),44
(0,44,35),45
(0,44,16),45
(0,44,43),45
(0,44,15),45
(0,44,48),45
(0,44,50),45
(0,44,23),45
(0,44,62),45
(35,44,16),45
(35,44,43),45
(35,44,15),45
(35,44,48),45
(35,44,50),45
(35,44,23),45
(35,44,62),45
(16,44,43),45
(16,44,15),45
(16,44,48),45
(16,44,50),45
(16,44,23),45
(16,44,62),45
(43,44,15),45
(43,44,48),45
(43,44,50),45
(43,44,23),45
(43,44,62),45
(15,44,48),45
(15,44,50),45
(15,44,23),45
(15,44,62),45
(48,44,50),45
(48,44,23),45
(48,44,62),45
(50,44,23),45
(50,44,62),45
(23,44,62),45
(35,61,42),46
(35,61,43),46
(35,61,19),46
(35,61,25),46
(35,61,30),46
(35,61,63),46
(42,61,43),46
(42,61,19),46
(42,61,25),46
(42,61,30),46
(42,61,63),46
(43,61,19),46
(43,61,25),46
(43,61,30),46
(43,61,63),46
(19,61,25),46
(19,61,30),46
(19,61,63),46
(25,61,30),46
(25,61,63),46
(30,61,63),46
(5,49,37),47
(5,49,7),47
(5,49,44),47
(5,49,43),47
(5,49,12),47
(5,49,45),47
(5,49,47),47
(5,49,17),47
(5,49,24),47
(5,49,2),47
(5,49,28),47
(5,49,61),47
(5,49,63),47
(37,49,7),47
(37,49,44),47
(37,49,43),47
(37,49,12),47
(37,49,45),47
(37,49,47),47
(37,49,17),47
(37,49,24),47
(37,49,2),47
(37,49,28),47
(37,49,61),47
(37,49,63),47
(7,49,44),47
(7,49,43),47
(7,49,12),47
(7,49,45),47
(7,49,47),47
(7,49,17),47
(7,49,24),47
(7,49,2),47
(7,49,28),47
(7,49,61),47
(7,49,63),47
(44,49,43),47
(44,49,12),47
(44,49,45),47
(44,49,47),47
(44,49,17),47
(44,49,24),47
(44,49,2),47
(44,49,28),47
(44,49,61),47
(44,49,63),47
(43,49,12),47
(43,49,45),47
(43,49,47),47
(43,49,17),47
(43,49,24),47
(43,49,2),47
(43,49,28),47
(43,49,61),47
(43,49,63),47
(12,49,45),47
(12,49,47),47
(12,49,17),47
(12,49,24),47
(12,49,2),47
(12,49,28),47
(12,49,61),47
(12,49,63),47
(45,49,47),47
(45,49,17),47
(45,49,24),47
(45,49,2),47
(45,49,28),47
(45,49,61),47
(45,49,63),47
(47,49,17),47
(47,49,24),47
(47,49,2),47
(47,49,28),47
(47,49,61),47
(47,49,63),47
(17,49,24),47
(17,49,2),47
(17,49,28),47
(17,49,61),47
(17,49,63),47
(24,49,2),47
(24,49,28),47
(24,49,61),47
(24,49,63),47
(2,49,28),47
(2,49,61),47
(2,49,63),47
(28,49,61),47
(28,49,63),47
(61,49,63),47
(34,58,37),48
(34,58,42),48
(34,58,43),48
(34,58,44),48
(34,58,50),48
(34,58,25),48
(34,58,28),48
(34,58,10),48
(34,58,30),48
(37,58,42),48
(37,58,43),48
(37,58,44),48
(37,58,50),48
(37,58,25),48
(37,58,28),48
(37,58,10),48
(37,58,30),48
(42,58,43),48
(42,58,44),48
(42,58,50),48
(42,58,25),48
(42,58,28),48
(42,58,10),48
(42,58,30),48
(43,58,44),48
(43,58,50),48
(43,58,25),48
(43,58,28),48
(43,58,10),48
(43,58,30),48
(44,58,50),48
(44,58,25),48
(44,58,28),48
(44,58,10),48
(44,58,30),48
(50,58,25),48
(50,58,28),48
(50,58,10),48
(50,58,30),48
(25,58,28),48
(25,58,10),48
(25,58,30),48
(28,58,10),48
(28,58,30),48
(10,58,30),48
(35,59,7),49
(35,59,41),49
(35,59,10),49
(35,59,43),49
(35,59,13),49
(35,59,47),49
(35,59,57),49
(35,59,15),49
(35,59,61),49
(7,59,41),49
(7,59,10),49
(7,59,43),49
(7,59,13),49
(7,59,47),49
(7,59,57),49
(7,59,15),49
(7,59,61),49
(41,59,10),49
(41,59,43),49
(41,59,13),49
(41,59,47),49
(41,59,57),49
(41,59,15),49
(41,59,61),49
(10,59,43),49
(10,59,13),49
(10,59,47),49
(10,59,57),49
(10,59,15),49
(10,59,61),49
(43,59,13),49
(43,59,47),49
(43,59,57),49
(43,59,15),49
(43,59,61),49
(13,59,47),49
(13,59,57),49
(13,59,15),49
(13,59,61),49
(47,59,57),49
(47,59,15),49
(47,59,61),49
(57,59,15),49
(57,59,61),49
(15,59,61),49
(2,33,35),50
(2,33,41),50
(2,33,13),50
(2,33,34),50
(2,33,45),50
(2,33,50),50
(2,33,9),50
(2,33,57),50
(2,33,31),50
(2,33,63),50
(35,33,41),50
(35,33,13),50
(35,33,34),50
(35,33,45),50
(35,33,50),50
(35,33,9),50
(35,33,57),50
(35,33,31),50
(35,33,63),50
(41,33,13),50
(41,33,34),50
(41,33,45),50
(41,33,50),50
(41,33,9),50
(41,33,57),50
(41,33,31),50
(41,33,63),50
(13,33,34),50
(13,33,45),50
(13,33,50),50
(13,33,9),50
(13,33,57),50
(13,33,31),50
(13,33,63),50
(34,33,45),50
(34,33,50),50
(34,33,9),50
(34,33,57),50
(34,33,31),50
(34,33,63),50
(45,33,50),50
(45,33,9),50
(45,33,57),50
(45,33,31),50
(45,33,63),50
(50,33,9),50
(50,33,57),50
(50,33,31),50
(50,33,63),50
(9,33,57),50
(9,33,31),50
(9,33,63),50
(57,33,31),50
(57,33,63),50
(31,33,63),50
(34,6,35),51
(34,6,28),51
(34,6,10),51
(34,6,44),51
(34,6,13),51
(34,6,16),51
(34,6,50),51
(34,6,21),51
(34,6,27),51
(35,6,28),51
(35,6,10),51
(35,6,44),51
(35,6,13),51
(35,6,16),51
(35,6,50),51
(35,6,21),51
(35,6,27),51
(28,6,10),51
(28,6,44),51
(28,6,13),51
(28,6,16),51
(28,6,50),51
(28,6,21),51
(28,6,27),51
(10,6,44),51
(10,6,13),51
(10,6,16),51
(10,6,50),51
(10,6,21),51
(10,6,27),51
(44,6,13),51
(44,6,16),51
(44,6,50),51
(44,6,21),51
(44,6,27),51
(13,6,16),51
(13,6,50),51
(13,6,21),51
(13,6,27),51
(16,6,50),51
(16,6,21),51
(16,6,27),51
(50,6,21),51
(50,6,27),51
(21,6,27),51
(3,52,33),52
(3,52,7),52
(3,52,41),52
(3,52,48),52
(3,52,49),52
(3,52,50),52
(3,52,19),52
(3,52,21),52
(3,52,23),52
(3,52,26),52
(3,52,27),52
(33,52,7),52
(33,52,41),52
(33,52,48),52
(33,52,49),52
(33,52,50),52
(33,52,19),52
(33,52,21),52
(33,52,23),52
(33,52,26),52
(33,52,27),52
(7,52,41),52
(7,52,48),52
(7,52,49),52
(7,52,50),52
(7,52,19),52
(7,52,21),52
(7,52,23),52
(7,52,26),52
(7,52,27),52
(41,52,48),52
(41,52,49),52
(41,52,50),52
(41,52,19),52
(41,52,21),52
(41,52,23),52
(41,52,26),52
(41,52,27),52
(48,52,49),52
(48,52,50),52
(48,52,19),52
(48,52,21),52
(48,52,23),52
(48,52,26),52
(48,52,27),52
(49,52,50),52
(49,52,19),52
(49,52,21),52
(49,52,23),52
(49,52,26),52
(49,52,27),52
(50,52,19),52
(50,52,21),52
(50,52,23),52
(50,52,26),52
(50,52,27),52
(19,52,21),52
(19,52,23),52
(19,52,26),52
(19,52,27),52
(21,52,23),52
(21,52,26),52
(21,52,27),52
(23,52,26),52
(23,52,27),52
(26,52,27),52
(2,53,3),53
(2,53,9),53
(2,53,11),53
(2,53,44),53
(2,53,50),53
(2,53,30),53
(2,53,24),53
(2,53,25),53
(2,53,62),53
(3,53,9),53
(3,53,11),53
(3,53,44),53
(3,53,50),53
(3,53,30),53
(3,53,24),53
(3,53,25),53
(3,53,62),53
(9,53,11),53
(9,53,44),53
(9,53,50),53
(9,53,30),53
(9,53,24),53
(9,53,25),53
(9,53,62),53
(11,53,44),53
(11,53,50),53
(11,53,30),53
(11,53,24),53
(11,53,25),53
(11,53,62),53
(44,53,50),53
(44,53,30),53
(44,53,24),53
(44,53,25),53
(44,53,62),53
(50,53,30),53
(50,53,24),53
(50,53,25),53
(50,53,62),53
(30,53,24),53
(30,53,25),53
(30,53,62),53
(24,53,25),53
(24,53,62),53
(25,53,62),53
(32,46,34),54
(32,46,4),54
(32,46,5),54
(32,46,6),54
(32,46,10),54
(32,46,44),54
(32,46,61),54
(32,46,49),54
(32,46,42),54
(32,46,53),54
(32,46,24),54
(32,46,26),54
(32,46,47),54
(32,46,28),54
(32,46,29),54
(34,46,4),54
(34,46,5),54
(34,46,6),54
(34,46,10),54
(34,46,44),54
(34,46,61),54
(34,46,49),54
(34,46,42),54
(34,46,53),54
(34,46,24),54
(34,46,26),54
(34,46,47),54
(34,46,28),54
(34,46,29),54
(4,46,5),54
(4,46,6),54
(4,46,10),54
(4,46,44),54
(4,46,61),54
(4,46,49),54
(4,46,42),54
(4,46,53),54
(4,46,24),54
(4,46,26),54
(4,46,47),54
(4,46,28),54
(4,46,29),54
(5,46,6),54
(5,46,10),54
(5,46,44),54
(5,46,61),54
(5,46,49),54
(5,46,42),54
(5,46,53),54
(5,46,24),54
(5,46,26),54
(5,46,47),54
(5,46,28),54
(5,46,29),54
(6,46,10),54
(6,46,44),54
(6,46,61),54
(6,46,49),54
(6,46,42),54
(6,46,53),54
(6,46,24),54
(6,46,26),54
(6,46,47),54
(6,46,28),54
(6,46,29),54
(10,46,44),54
(10,46,61),54
(10,46,49),54
(10,46,42),54
(10,46,53),54
(10,46,24),54
(10,46,26),54
(10,46,47),54
(10,46,28),54
(10,46,29),54
(44,46,61),54
(44,46,49),54
(44,46,42),54
(44,46,53),54
(44,46,24),54
(44,46,26),54
(44,46,47),54
(44,46,28),54
(44,46,29),54
(61,46,49),54
(61,46,42),54
(61,46,53),54
(61,46,24),54
(61,46,26),54
(61,46,47),54
(61,46,28),54
(61,46,29),54
(49,46,42),54
(49,46,53),54
(49,46,24),54
(49,46,26),54
(49,46,47),54
(49,46,28),54
(49,46,29),54
(42,46,53),54
(42,46,24),54
(42,46,26),54
(42,46,47),54
(42,46,28),54
(42,46,29),54
(53,46,24),54
(53,46,26),54
(53,46,47),54
(53,46,28),54
(53,46,29),54
(24,46,26),54
(24,46,47),54
(24,46,28),54
(24,46,29),54
(26,46,47),54
(26,46,28),54
(26,46,29),54
(47,46,28),54
(47,46,29),54
(28,46,29),54
(0,51,35),55
(0,51,6),55
(0,51,12),55
(0,51,13),55
(0,51,45),55
(0,51,47),55
(0,51,53),55
(0,51,61),55
(0,51,63),55
(35,51,6),55
(35,51,12),55
(35,51,13),55
(35,51,45),55
(35,51,47),55
(35,51,53),55
(35,51,61),55
(35,51,63),55
(6,51,12),55
(6,51,13),55
(6,51,45),55
(6,51,47),55
(6,51,53),55
(6,51,61),55
(6,51,63),55
(12,51,13),55
(12,51,45),55
(12,51,47),55
(12,51,53),55
(12,51,61),55
(12,51,63),55
(13,51,45),55
(13,51,47),55
(13,51,53),55
(13,51,61),55
(13,51,63),55
(45,51,47),55
(45,51,53),55
(45,51,61),55
(45,51,63),55
(47,51,53),55
(47,51,61),55
(47,51,63),55
(53,51,61),55
(53,51,63),55
(61,51,63),55
(45,60,6),56
(45,60,7),56
(45,60,11),56
(45,60,12),56
(45,60,13),56
(45,60,47),56
(45,60,16),56
(45,60,17),56
(45,60,51),56
(45,60,24),56
(45,60,29),56
(45,60,62),56
(6,60,7),56
(6,60,11),56
(6,60,12),56
(6,60,13),56
(6,60,47),56
(6,60,16),56
(6,60,17),56
(6,60,51),56
(6,60,24),56
(6,60,29),56
(6,60,62),56
(7,60,11),56
(7,60,12),56
(7,60,13),56
(7,60,47),56
(7,60,16),56
(7,60,17),56
(7,60,51),56
(7,60,24),56
(7,60,29),56
(7,60,62),56
(11,60,12),56
(11,60,13),56
(11,60,47),56
(11,60,16),56
(11,60,17),56
(11,60,51),56
(11,60,24),56
(11,60,29),56
(11,60,62),56
(12,60,13),56
(12,60,47),56
(12,60,16),56
(12,60,17),56
(12,60,51),56
(12,60,24),56
(12,60,29),56
(12,60,62),56
(13,60,47),56
(13,60,16),56
(13,60,17),56
(13,60,51),56
(13,60,24),56
(13,60,29),56
(13,60,62),56
(47,60,16),56
(47,60,17),56
(47,60,51),56
(47,60,24),56
(47,60,29),56
(47,60,62),56
(16,60,17),56
(16,60,51),56
(16,60,24),56
(16,60,29),56
(16,60,62),56
(17,60,51),56
(17,60,24),56
(17,60,29),56
(17,60,62),56
(51,60,24),56
(51,60,29),56
(51,60,62),56
(24,60,29),56
(24,60,62),56
(29,60,62),56
(34,1,37),57
(34,1,6),57
(34,1,41),57
(34,1,44),57
(34,1,13),57
(34,1,12),57
(34,1,48),57
(34,1,19),57
(34,1,22),57
(34,1,24),57
(34,1,25),57
(34,1,26),57
(34,1,31),57
(34,1,52),57
(37,1,6),57
(37,1,41),57
(37,1,44),57
(37,1,13),57
(37,1,12),57
(37,1,48),57
(37,1,19),57
(37,1,22),57
(37,1,24),57
(37,1,25),57
(37,1,26),57
(37,1,31),57
(37,1,52),57
(6,1,41),57
(6,1,44),57
(6,1,13),57
(6,1,12),57
(6,1,48),57
(6,1,19),57
(6,1,22),57
(6,1,24),57
(6,1,25),57
(6,1,26),57
(6,1,31),57
(6,1,52),57
(41,1,44),57
(41,1,13),57
(41,1,12),57
(41,1,48),57
(41,1,19),57
(41,1,22),57
(41,1,24),57
(41,1,25),57
(41,1,26),57
(41,1,31),57
(41,1,52),57
(44,1,13),57
(44,1,12),57
(44,1,48),57
(44,1,19),57
(44,1,22),57
(44,1,24),57
(44,1,25),57
(44,1,26),57
(44,1,31),57
(44,1,52),57
(13,1,12),57
(13,1,48),57
(13,1,19),57
(13,1,22),57
(13,1,24),57
(13,1,25),57
(13,1,26),57
(13,1,31),57
(13,1,52),57
(12,1,48),57
(12,1,19),57
(12,1,22),57
(12,1,24),57
(12,1,25),57
(12,1,26),57
(12,1,31),57
(12,1,52),57
(48,1,19),57
(48,1,22),57
(48,1,24),57
(48,1,25),57
(48,1,26),57
(48,1,31),57
(48,1,52),57
(19,1,22),57
(19,1,24),57
(19,1,25),57
(19,1,26),57
(19,1,31),57
(19,1,52),57
(22,1,24),57
(22,1,25),57
(22,1,26),57
(22,1,31),57
(22,1,52),57
(24,1,25),57
(24,1,26),57
(24,1,31),57
(24,1,52),57
(25,1,26),57
(25,1,31),57
(25,1,52),57
(26,1,31),57
(26,1,52),57
(31,1,52),57
(1,20,34),58
(1,20,3),58
(1,20,16),58
(1,20,12),58
(1,20,13),58
(1,20,15),58
(1,20,48),58
(1,20,22),58
(1,20,60),58
(34,20,3),58
(34,20,16),58
(34,20,12),58
(34,20,13),58
(34,20,15),58
(34,20,48),58
(34,20,22),58
(34,20,60),58
(3,20,16),58
(3,20,12),58
(3,20,13),58
(3,20,15),58
(3,20,48),58
(3,20,22),58
(3,20,60),58
(16,20,12),58
(16,20,13),58
(16,20,15),58
(16,20,48),58
(16,20,22),58
(16,20,60),58
(12,20,13),58
(12,20,15),58
(12,20,48),58
(12,20,22),58
(12,20,60),58
(13,20,15),58
(13,20,48),58
(13,20,22),58
(13,20,60),58
(15,20,48),58
(15,20,22),58
(15,20,60),58
(48,20,22),58
(48,20,60),58
(22,20,60),58
(0,55,33),59
(0,55,34),59
(0,55,3),59
(0,55,2),59
(0,55,45),59
(0,55,17),59
(0,55,52),59
(0,55,22),59
(0,55,26),59
(0,55,31),59
(0,55,62),59
(0,55,63),59
(33,55,34),59
(33,55,3),59
(33,55,2),59
(33,55,45),59
(33,55,17),59
(33,55,52),59
(33,55,22),59
(33,55,26),59
(33,55,31),59
(33,55,62),59
(33,55,63),59
(34,55,3),59
(34,55,2),59
(34,55,45),59
(34,55,17),59
(34,55,52),59
(34,55,22),59
(34,55,26),59
(34,55,31),59
(34,55,62),59
(34,55,63),59
(3,55,2),59
(3,55,45),59
(3,55,17),59
(3,55,52),59
(3,55,22),59
(3,55,26),59
(3,55,31),59
(3,55,62),59
(3,55,63),59
(2,55,45),59
(2,55,17),59
(2,55,52),59
(2,55,22),59
(2,55,26),59
(2,55,31),59
(2,55,62),59
(2,55,63),59
(45,55,17),59
(45,55,52),59
(45,55,22),59
(45,55,26),59
(45,55,31),59
(45,55,62),59
(45,55,63),59
(17,55,52),59
(17,55,22),59
(17,55,26),59
(17,55,31),59
(17,55,62),59
(17,55,63),59
(52,55,22),59
(52,55,26),59
(52,55,31),59
(52,55,62),59
(52,55,63),59
(22,55,26),59
(22,55,31),59
(22,55,62),59
(22,55,63),59
(26,55,31),59
(26,55,62),59
(26,55,63),59
(31,55,62),59
(31,55,63),59
(62,55,63),59
(34,40,35),60
(34,40,5),60
(34,40,6),60
(34,40,28),60
(34,40,44),60
(34,40,3),60
(34,40,24),60
(34,40,57),60
(34,40,26),60
(34,40,59),60
(34,40,60),60
(34,40,58),60
(34,40,62),60
(34,40,31),60
(35,40,5),60
(35,40,6),60
(35,40,28),60
(35,40,44),60
(35,40,3),60
(35,40,24),60
(35,40,57),60
(35,40,26),60
(35,40,59),60
(35,40,60),60
(35,40,58),60
(35,40,62),60
(35,40,31),60
(5,40,6),60
(5,40,28),60
(5,40,44),60
(5,40,3),60
(5,40,24),60
(5,40,57),60
(5,40,26),60
(5,40,59),60
(5,40,60),60
(5,40,58),60
(5,40,62),60
(5,40,31),60
(6,40,28),60
(6,40,44),60
(6,40,3),60
(6,40,24),60
(6,40,57),60
(6,40,26),60
(6,40,59),60
(6,40,60),60
(6,40,58),60
(6,40,62),60
(6,40,31),60
(28,40,44),60
(28,40,3),60
(28,40,24),60
(28,40,57),60
(28,40,26),60
(28,40,59),60
(28,40,60),60
(28,40,58),60
(28,40,62),60
(28,40,31),60
(44,40,3),60
(44,40,24),60
(44,40,57),60
(44,40,26),60
(44,40,59),60
(44,40,60),60
(44,40,58),60
(44,40,62),60
(44,40,31),60
(3,40,24),60
(3,40,57),60
(3,40,26),60
(3,40,59),60
(3,40,60),60
(3,40,58),60
(3,40,62),60
(3,40,31),60
(24,40,57),60
(24,40,26),60
(24,40,59),60
(24,40,60),60
(24,40,58),60
(24,40,62),60
(24,40,31),60
(57,40,26),60
(57,40,59),60
(57,40,60),60
(57,40,58),60
(57,40,62),60
(57,40,31),60
(26,40,59),60
(26,40,60),60
(26,40,58),60
(26,40,62),60
(26,40,31),60
(59,40,60),60
(59,40,58),60
(59,40,62),60
(59,40,31),60
(60,40,58),60
(60,40,62),60
(60,40,31),60
(58,40,62),60
(58,40,31),60
(62,40,31),60
(33,8,2),61
(33,8,59),61
(33,8,4),61
(33,8,5),61
(33,8,6),61
(33,8,15),61
(33,8,19),61
(33,8,53),61
(33,8,23),61
(33,8,24),61
(33,8,57),61
(33,8,27),61
(33,8,60),61
(33,8,62),61
(2,8,59),61
(2,8,4),61
(2,8,5),61
(2,8,6),61
(2,8,15),61
(2,8,19),61
(2,8,53),61
(2,8,23),61
(2,8,24),61
(2,8,57),61
(2,8,27),61
(2,8,60),61
(2,8,62),61
(59,8,4),61
(59,8,5),61
(59,8,6),61
(59,8,15),61
(59,8,19),61
(59,8,53),61
(59,8,23),61
(59,8,24),61
(59,8,57),61
(59,8,27),61
(59,8,60),61
(59,8,62),61
(4,8,5),61
(4,8,6),61
(4,8,15),61
(4,8,19),61
(4,8,53),61
(4,8,23),61
(4,8,24),61
(4,8,57),61
(4,8,27),61
(4,8,60),61
(4,8,62),61
(5,8,6),61
(5,8,15),61
(5,8,19),61
(5,8,53),61
(5,8,23),61
(5,8,24),61
(5,8,57),61
(5,8,27),61
(5,8,60),61
(5,8,62),61
(6,8,15),61
(6,8,19),61
(6,8,53),61
(6,8,23),61
(6,8,24),61
(6,8,57),61
(6,8,27),61
(6,8,60),61
(6,8,62),61
(15,8,19),61
(15,8,53),61
(15,8,23),61
(15,8,24),61
(15,8,57),61
(15,8,27),61
(15,8,60),61
(15,8,62),61
(19,8,53),61
(19,8,23),61
(19,8,24),61
(19,8,57),61
(19,8,27),61
(19,8,60),61
(19,8,62),61
(53,8,23),61
(53,8,24),61
(53,8,57),61
(53,8,27),61
(53,8,60),61
(53,8,62),61
(23,8,24),61
(23,8,57),61
(23,8,27),61
(23,8,60),61
(23,8,62),61
(24,8,57),61
(24,8,27),61
(24,8,60),61
(24,8,62),61
(57,8,27),61
(57,8,60),61
(57,8,62),61
(27,8,60),61
(27,8,62),61
(60,8,62),61
(0,14,32),62
(0,14,59),62
(0,14,33),62
(0,14,40),62
(0,14,9),62
(0,14,10),62
(0,14,45),62
(0,14,15),62
(0,14,8),62
(0,14,26),62
(0,14,27),62
(32,14,59),62
(32,14,33),62
(32,14,40),62
(32,14,9),62
(32,14,10),62
(32,14,45),62
(32,14,15),62
(32,14,8),62
(32,14,26),62
(32,14,27),62
(59,14,33),62
(59,14,40),62
(59,14,9),62
(59,14,10),62
(59,14,45),62
(59,14,15),62
(59,14,8),62
(59,14,26),62
(59,14,27),62
(33,14,40),62
(33,14,9),62
(33,14,10),62
(33,14,45),62
(33,14,15),62
(33,14,8),62
(33,14,26),62
(33,14,27),62
(40,14,9),62
(40,14,10),62
(40,14,45),62
(40,14,15),62
(40,14,8),62
(40,14,26),62
(40,14,27),62
(9,14,10),62
(9,14,45),62
(9,14,15),62
(9,14,8),62
(9,14,26),62
(9,14,27),62
(10,14,45),62
(10,14,15),62
(10,14,8),62
(10,14,26),62
(10,14,27),62
(45,14,15),62
(45,14,8),62
(45,14,26),62
(45,14,27),62
(15,14,8),62
(15,14,26),62
(15,14,27),62
(8,14,26),62
(8,14,27),62
(26,14,27),62
(32,18,7),63
(32,18,41),63
(32,18,10),63
(32,18,11),63
(32,18,14),63
(32,18,51),63
(32,18,21),63
(32,18,31),63
(32,18,62),63
(32,18,63),63
(7,18,41),63
(7,18,10),63
(7,18,11),63
(7,18,14),63
(7,18,51),63
(7,18,21),63
(7,18,31),63
(7,18,62),63
(7,18,63),63
(41,18,10),63
(41,18,11),63
(41,18,14),63
(41,18,51),63
(41,18,21),63
(41,18,31),63
(41,18,62),63
(41,18,63),63
(10,18,11),63
(10,18,14),63
(10,18,51),63
(10,18,21),63
(10,18,31),63
(10,18,62),63
(10,18,63),63
(11,18,14),63
(11,18,51),63
(11,18,21),63
(11,18,31),63
(11,18,62),63
(11,18,63),63
(14,18,51),63
(14,18,21),63
(14,18,31),63
(14,18,62),63
(14,18,63),63
(51,18,21),63
(51,18,31),63
(51,18,62),63
(51,18,63),63
(21,18,31),63
(21,18,62),63
(21,18,63),63
(31,18,62),63
(31,18,63),63
(62,18,63),63
