0 33 2 35 40 60 10 48 17 50 52 53 20 27 28 31
1 51 2 27 37 6 43 13 14 19 21 23 46 59 29 63
2 0 1 3 4 37 38 43 44 13 17 55 57 63 36 31
3 2 10 61 13 46 47 18 21 22 55 56 58 53 26 30 31
4 2 36 5 49 8 41 11 14 15 48 24 20 21 56 60 31
5 33 4 48 8 41 55 16 18 22 23 26 27 62
6 1 37 41 42 29 16 17 18 52 54 24 57 59 61
7 18 35 22 8 28 13 47 17 50 20 21 54 24 60 29 31
8 33 4 5 7 9 39 44 46 47 49 51 20 56 52 26
9 32 34 36 38 8 10 44 49 53 23 57 42 30
10 32 0 3 33 39 12 44 13 47 48 57 9 56 25 26 27
11 35 4 14 46 18 58 20 21 57 26 29 30
12 32 35 37 38 41 10 43 13 17 18 22 56 26 58 30 63
13 1 2 3 36 37 7 44 10 39 12 45 14 58 27 29 62
14 19 1 34 43 4 32 11 44 13 15 48 51 52 24 27 28
15 32 4 41 50 14 48 18 20 21 56 57 59 60 30
16 32 35 5 6 42 44 18 21 58 59 60 30
17 0 2 6 7 12 45 46 47 51 53
18 3 36 5 6 7 41 11 12 15 16 35 52 23 61 30 31
19 1 38 33 44 14 51 21 22 55 56 25 28 29 62 63
20 32 0 36 7 8 11 15 40 53 22 25 58 4 63
21 1 3 36 33 38 7 41 11 15 16 19 62 4 39 29 30
22 3 37 7 40 44 12 47 49 50 19 20 56 63 29 30 5
23 1 35 5 9 18 47 50 51 52 53 56
24 43 4 37 6 39 7 14 61 50 26 58 31
25 36 39 41 10 45 49 19 20 55 52 31 60 29 30 63
26 32 3 5 40 41 10 11 12 8 52 24 30 31
27 0 1 5 33 10 44 13 14 47 53 59
28 32 0 34 19 39 40 7 45 14 51 54 56 58 59 61
29 1 6 38 7 40 11 44 13 46 19 21 22 56 25 53
30 3 36 37 9 42 11 12 46 15 16 18 21 22 25 26 47
31 0 2 3 4 7 42 47 49 18 51 24 56 25 26 58
32 34 40 9 10 12 14 15 16 20 55 52 26 28 42 63
33 0 5 8 10 44 50 19 21 57 27 37
34 32 28 41 42 55 14 49 52 53 9 56 60 62
35 0 43 38 7 42 11 12 16 49 18 51 53 54 23
36 2 50 4 9 62 13 46 45 18 20 53 25 58 30 21
37 1 2 38 6 33 42 12 13 47 22 55 24 57 59 30 63
38 2 35 37 40 9 42 12 29 19 53 56 61 62 21
39 40 10 43 13 24 52 21 8 57 56 25 28
40 32 0 22 38 39 42 48 20 53 54 55 57 26 59 28 29
41 34 4 5 6 12 46 15 48 18 21 25 26 59 62 63
42 32 48 34 35 6 38 40 9 16 52 62 54 60 37 30 31
43 1 2 35 39 12 45 46 14 54 24 62
44 33 2 16 8 9 10 13 46 48 19 14 22 55 27 29 62
45 36 43 13 17 54 55 25 28
46 1 43 36 49 8 41 11 44 17 3 29 30
47 3 54 7 8 63 10 59 17 50 52 22 23 27 37 30 31
48 0 4 5 40 41 10 44 14 15 49 53 42 62
49 34 35 4 8 9 46 48 50 52 22 25 58 60 61 62 31
50 0 33 36 7 47 49 53 22 23 24 58 15 62 63
51 1 35 8 14 17 19 23 57 58 28 31
52 0 32 34 6 39 8 42 14 47 49 18 23 25 26
53 0 34 35 36 38 40 9 48 17 50 3 20 23 57 27 29
54 35 6 7 40 42 43 45 47 57 28
55 32 2 3 37 40 44 45 34 19 25 57 5 63
56 34 3 4 38 39 8 10 12 15 19 22 23 59 28 29 31
57 33 2 37 6 39 40 9 10 11 15 51 53 54 55 61 62
58 3 36 11 12 13 16 49 50 51 20 24 59 28 31
59 1 37 6 40 41 47 15 16 56 58 27 28 63
60 0 34 4 7 42 15 16 49 25 63
61 3 6 38 49 18 24 57 28 62
62 34 36 5 38 41 42 43 44 13 48 49 50 19 21 57 61
63 32 1 2 37 41 12 47 50 19 20 22 55 25 59 60
