 64  16
 [ 2 ] [ 4 ] [ 3 ] [ 3 ] [ 4 ] [ 1 ] [ 1 ] [ 1 ] [ 2 ] [ 6 ] [ 1 ] [ 3 ] [ 6 ] [ 4 ] [ 4 ] [ 8 ] [ 10 ] [ 2 ] [ 1 ] [ 4 ] [ 5 ] [ 6 ] [ 12 ] [ 11 ] [ 2 ] [ 4 ] [ 9 ] [ 4 ] [ 3 ] [ 6 ] [ 13 ] [ 7 ] [ 1 ] [ 5 ] [ 7 ] [ 4 ] [ 6 ] [ 1 ] [ 8 ] [ 2 ] [ 4 ] [ 5 ] [ 8 ] [ 7 ] [ 8 ] [ 3 ] [ 7 ] [ 9 ] [ 6 ] [ 6 ] [ 11 ] [ 12 ] [ 8 ] [ 4 ] [ 1 ] [ 3 ] [ 4 ] [ 14 ] [ 9 ] [ 11 ] [ 7 ] [ 15 ] [ 16 ] [ 10 ]
 [ 2 ] [ 4 ] [ 3 ] [ 3 ] [ 4 ] [ 7 ] [ 3 ] [ 2 ] [ 2 ] [ 6 ] [ 13 ] [ 3 ] [ 6 ] [ 4 ] [ 4 ] [ 8 ] [ 10 ] [ 2 ] [ 2 ] [ 4 ] [ 5 ] [ 6 ] [ 12 ] [ 11 ] [ 2 ] [ 4 ] [ 9 ] [ 4 ] [ 3 ] [ 6 ] [ 13 ] [ 7 ] [ 4 ] [ 5 ] [ 7 ] [ 4 ] [ 6 ] [ 2 ] [ 8 ] [ 2 ] [ 4 ] [ 5 ] [ 8 ] [ 7 ] [ 8 ] [ 3 ] [ 7 ] [ 9 ] [ 6 ] [ 0 ] [ 11 ] [ 12 ] [ 8 ] [ 4 ] [ 9 ] [ 3 ] [ 4 ] [ 14 ] [ 9 ] [ 11 ] [ 7 ] [ 15 ] [ 16 ] [ 10 ]
 [ 3 ] [ 4 ] [ 3 ] [ 3 ] [ 4 ] [ 1 ] [ 1 ] [ 1 ] [ 5 ] [ 6 ] [ 1 ] [ 3 ] [ 6 ] [ 4 ] [ 4 ] [ 8 ] [ 10 ] [ 9 ] [ 1 ] [ 4 ] [ 5 ] [ 6 ] [ 12 ] [ 11 ] [ 4 ] [ 4 ] [ 9 ] [ 4 ] [ 3 ] [ 6 ] [ 13 ] [ 7 ] [ 1 ] [ 5 ] [ 7 ] [ 4 ] [ 6 ] [ 1 ] [ 8 ] [ 4 ] [ 4 ] [ 5 ] [ 8 ] [ 7 ] [ 8 ] [ 3 ] [ 7 ] [ 9 ] [ 6 ] [ 0 ] [ 11 ] [ 12 ] [ 8 ] [ 4 ] [ 1 ] [ 3 ] [ 4 ] [ 14 ] [ 9 ] [ 11 ] [ 7 ] [ 15 ] [ 16 ] [ 10 ]
 [ 2 ] [ 4 ] [ 9 ] [ 7 ] [ 4 ] [ 1 ] [ 1 ] [ 1 ] [ 2 ] [ 6 ] [ 1 ] [ 4 ] [ 6 ] [ 4 ] [ 4 ] [ 8 ] [ 10 ] [ 2 ] [ 1 ] [ 4 ] [ 5 ] [ 6 ] [ 12 ] [ 11 ] [ 2 ] [ 4 ] [ 9 ] [ 4 ] [ 5 ] [ 6 ] [ 13 ] [ 7 ] [ 1 ] [ 5 ] [ 7 ] [ 4 ] [ 6 ] [ 1 ] [ 8 ] [ 2 ] [ 4 ] [ 5 ] [ 8 ] [ 7 ] [ 8 ] [ 6 ] [ 7 ] [ 9 ] [ 6 ] [ 0 ] [ 11 ] [ 12 ] [ 8 ] [ 4 ] [ 1 ] [ 15 ] [ 4 ] [ 14 ] [ 9 ] [ 11 ] [ 7 ] [ 15 ] [ 16 ] [ 10 ]
 [ 2 ] [ 6 ] [ 3 ] [ 3 ] [ 10 ] [ 1 ] [ 1 ] [ 1 ] [ 2 ] [ 6 ] [ 1 ] [ 3 ] [ 6 ] [ 13 ] [ 6 ] [ 8 ] [ 10 ] [ 2 ] [ 1 ] [ 5 ] [ 5 ] [ 6 ] [ 12 ] [ 11 ] [ 2 ] [ 6 ] [ 9 ] [ 8 ] [ 3 ] [ 6 ] [ 13 ] [ 7 ] [ 1 ] [ 5 ] [ 7 ] [ 10 ] [ 6 ] [ 1 ] [ 8 ] [ 2 ] [ 13 ] [ 5 ] [ 8 ] [ 7 ] [ 8 ] [ 3 ] [ 7 ] [ 9 ] [ 6 ] [ 0 ] [ 11 ] [ 12 ] [ 8 ] [ 7 ] [ 1 ] [ 3 ] [ 6 ] [ 14 ] [ 9 ] [ 11 ] [ 7 ] [ 15 ] [ 16 ] [ 10 ]
 [ 2 ] [ 4 ] [ 3 ] [ 3 ] [ 4 ] [ 1 ] [ 1 ] [ 1 ] [ 2 ] [ 6 ] [ 1 ] [ 3 ] [ 6 ] [ 4 ] [ 4 ] [ 8 ] [ 10 ] [ 2 ] [ 1 ] [ 4 ] [ 7 ] [ 6 ] [ 12 ] [ 11 ] [ 2 ] [ 4 ] [ 9 ] [ 4 ] [ 3 ] [ 6 ] [ 13 ] [ 7 ] [ 1 ] [ 2 ] [ 7 ] [ 4 ] [ 6 ] [ 1 ] [ 8 ] [ 2 ] [ 4 ] [ 6 ] [ 8 ] [ 7 ] [ 8 ] [ 3 ] [ 7 ] [ 9 ] [ 6 ] [ 0 ] [ 11 ] [ 12 ] [ 8 ] [ 4 ] [ 1 ] [ 3 ] [ 4 ] [ 14 ] [ 9 ] [ 11 ] [ 7 ] [ 15 ] [ 16 ] [ 10 ]
 [ 2 ] [ 4 ] [ 3 ] [ 3 ] [ 4 ] [ 1 ] [ 1 ] [ 1 ] [ 2 ] [ -1 ] [ 1 ] [ 3 ] [ 10 ] [ 4 ] [ 4 ] [ 8 ] [ 10 ] [ 2 ] [ 1 ] [ 4 ] [ 5 ] [ -1 ] [ 12 ] [ 11 ] [ 2 ] [ 4 ] [ 9 ] [ 4 ] [ 3 ] [ -1 ] [ -1 ] [ 7 ] [ 1 ] [ 5 ] [ 7 ] [ 4 ] [ 9 ] [ 1 ] [ 8 ] [ 2 ] [ 4 ] [ 5 ] [ 8 ] [ 7 ] [ 8 ] [ 3 ] [ 7 ] [ 9 ] [ 9 ] [ 0 ] [ 11 ] [ 12 ] [ 8 ] [ 4 ] [ 1 ] [ 3 ] [ 4 ] [ 14 ] [ 9 ] [ 11 ] [ 7 ] [ 15 ] [ 16 ] [ 10 ]
 [ 2 ] [ 4 ] [ 3 ] [ 3 ] [ 4 ] [ 1 ] [ 1 ] [ 1 ] [ 2 ] [ 6 ] [ 1 ] [ 3 ] [ 6 ] [ 4 ] [ 4 ] [ 8 ] [ 10 ] [ 2 ] [ 1 ] [ 4 ] [ 5 ] [ 6 ] [ 12 ] [ 11 ] [ 2 ] [ 4 ] [ 9 ] [ 4 ] [ 3 ] [ 6 ] [ 13 ] [ 13 ] [ 1 ] [ 5 ] [ 4 ] [ 4 ] [ 6 ] [ 1 ] [ 8 ] [ 2 ] [ 4 ] [ 5 ] [ 8 ] [ 11 ] [ 8 ] [ 3 ] [ 11 ] [ 9 ] [ 6 ] [ 0 ] [ 11 ] [ 12 ] [ 8 ] [ 4 ] [ 1 ] [ 3 ] [ 4 ] [ 14 ] [ 9 ] [ 11 ] [ 10 ] [ 15 ] [ 16 ] [ 10 ]
 [ 2 ] [ 4 ] [ 3 ] [ 3 ] [ 4 ] [ 1 ] [ 1 ] [ 1 ] [ 2 ] [ 6 ] [ 1 ] [ 3 ] [ 6 ] [ 4 ] [ 4 ] [ 10 ] [ 10 ] [ 2 ] [ 1 ] [ 4 ] [ 5 ] [ 6 ] [ 12 ] [ 11 ] [ 2 ] [ 4 ] [ 9 ] [ 4 ] [ 3 ] [ 6 ] [ 13 ] [ 7 ] [ 1 ] [ 5 ] [ 7 ] [ 4 ] [ 6 ] [ 1 ] [ 1 ] [ 2 ] [ 4 ] [ 5 ] [ 12 ] [ 7 ] [ 2 ] [ 3 ] [ 7 ] [ 9 ] [ 6 ] [ 0 ] [ 11 ] [ 12 ] [ 12 ] [ 4 ] [ 1 ] [ 3 ] [ 4 ] [ 14 ] [ 9 ] [ 11 ] [ 7 ] [ 15 ] [ 16 ] [ 10 ]
 [ 2 ] [ 4 ] [ 3 ] [ 3 ] [ 4 ] [ 1 ] [ 1 ] [ 1 ] [ 2 ] [ 6 ] [ 1 ] [ 3 ] [ 6 ] [ 4 ] [ 4 ] [ 8 ] [ 10 ] [ 2 ] [ 1 ] [ 4 ] [ 5 ] [ 6 ] [ 12 ] [ 11 ] [ 2 ] [ 4 ] [ 15 ] [ 4 ] [ 3 ] [ 6 ] [ 13 ] [ 7 ] [ 1 ] [ 5 ] [ 7 ] [ 4 ] [ 6 ] [ 1 ] [ 8 ] [ 2 ] [ 4 ] [ 5 ] [ 8 ] [ 7 ] [ 8 ] [ 3 ] [ 7 ] [ 6 ] [ 6 ] [ 0 ] [ 11 ] [ 12 ] [ 8 ] [ 4 ] [ 1 ] [ 3 ] [ 4 ] [ 14 ] [ 6 ] [ 11 ] [ 7 ] [ 15 ] [ 16 ] [ 10 ]
 [ 2 ] [ 4 ] [ 3 ] [ 3 ] [ 4 ] [ 1 ] [ 1 ] [ 1 ] [ 2 ] [ 6 ] [ 1 ] [ 3 ] [ 6 ] [ 4 ] [ 4 ] [ 8 ] [ 9 ] [ 2 ] [ 1 ] [ 4 ] [ 5 ] [ 6 ] [ 12 ] [ 11 ] [ 2 ] [ 4 ] [ 9 ] [ 4 ] [ 3 ] [ 6 ] [ 13 ] [ 7 ] [ 1 ] [ 5 ] [ 7 ] [ 4 ] [ 6 ] [ 1 ] [ 8 ] [ 2 ] [ 4 ] [ 5 ] [ 8 ] [ 7 ] [ 8 ] [ 3 ] [ 7 ] [ 9 ] [ 6 ] [ 0 ] [ 11 ] [ 12 ] [ 8 ] [ 4 ] [ 1 ] [ 3 ] [ 4 ] [ 14 ] [ 9 ] [ 11 ] [ 7 ] [ 15 ] [ 16 ] [ 2 ]
 [ 2 ] [ 4 ] [ 3 ] [ 3 ] [ 4 ] [ 1 ] [ 1 ] [ 1 ] [ 2 ] [ 6 ] [ 1 ] [ 3 ] [ 6 ] [ 4 ] [ 4 ] [ 8 ] [ 10 ] [ 2 ] [ 1 ] [ 4 ] [ 5 ] [ 6 ] [ 12 ] [ 14 ] [ 2 ] [ 4 ] [ 9 ] [ 4 ] [ 3 ] [ 6 ] [ 13 ] [ 7 ] [ 1 ] [ 5 ] [ 7 ] [ 4 ] [ 6 ] [ 1 ] [ 8 ] [ 2 ] [ 4 ] [ 5 ] [ 8 ] [ 7 ] [ 8 ] [ 3 ] [ 7 ] [ 9 ] [ 6 ] [ 0 ] [ 4 ] [ 12 ] [ 8 ] [ 4 ] [ 1 ] [ 3 ] [ 4 ] [ 14 ] [ 9 ] [ 12 ] [ 7 ] [ 15 ] [ 16 ] [ 10 ]
 [ 2 ] [ 4 ] [ 3 ] [ 3 ] [ 4 ] [ 1 ] [ 1 ] [ 1 ] [ 2 ] [ 6 ] [ 1 ] [ 3 ] [ 6 ] [ 4 ] [ 4 ] [ 8 ] [ 10 ] [ 2 ] [ 1 ] [ 4 ] [ 5 ] [ 6 ] [ 1 ] [ 11 ] [ 2 ] [ 4 ] [ 9 ] [ 4 ] [ 3 ] [ 6 ] [ 13 ] [ 7 ] [ 1 ] [ 5 ] [ 7 ] [ 4 ] [ 6 ] [ 1 ] [ 8 ] [ 2 ] [ 4 ] [ 5 ] [ 8 ] [ 7 ] [ 8 ] [ 3 ] [ 7 ] [ 9 ] [ 6 ] [ 0 ] [ 11 ] [ 6 ] [ 8 ] [ 4 ] [ 1 ] [ 3 ] [ 4 ] [ 14 ] [ 9 ] [ 11 ] [ 7 ] [ 15 ] [ 16 ] [ 10 ]
 [ 2 ] [ 4 ] [ 3 ] [ 3 ] [ 4 ] [ 1 ] [ 1 ] [ 1 ] [ 2 ] [ -1 ] [ 1 ] [ 3 ] [ 10 ] [ 4 ] [ 4 ] [ 8 ] [ 10 ] [ 2 ] [ 1 ] [ 4 ] [ 5 ] [ -1 ] [ 12 ] [ 11 ] [ 2 ] [ 4 ] [ 9 ] [ 4 ] [ 3 ] [ -1 ] [ -1 ] [ 7 ] [ 1 ] [ 5 ] [ 7 ] [ 4 ] [ 9 ] [ 1 ] [ 8 ] [ 2 ] [ 4 ] [ 5 ] [ 8 ] [ 7 ] [ 8 ] [ 3 ] [ 7 ] [ 9 ] [ 9 ] [ 0 ] [ 11 ] [ 12 ] [ 8 ] [ 4 ] [ 1 ] [ 3 ] [ 4 ] [ 14 ] [ 9 ] [ 11 ] [ 7 ] [ 15 ] [ 16 ] [ 10 ]
 [ 2 ] [ 4 ] [ 3 ] [ 3 ] [ 4 ] [ 1 ] [ 1 ] [ 1 ] [ 2 ] [ 6 ] [ 1 ] [ 3 ] [ 6 ] [ 4 ] [ 4 ] [ 8 ] [ 10 ] [ 2 ] [ 1 ] [ 4 ] [ 5 ] [ 6 ] [ 12 ] [ 11 ] [ 2 ] [ 4 ] [ 9 ] [ 4 ] [ 3 ] [ 6 ] [ 13 ] [ 7 ] [ 1 ] [ 5 ] [ 7 ] [ 4 ] [ 6 ] [ 1 ] [ 8 ] [ 2 ] [ 4 ] [ 5 ] [ 8 ] [ 7 ] [ 8 ] [ 3 ] [ 7 ] [ 9 ] [ 6 ] [ 0 ] [ 11 ] [ 12 ] [ 8 ] [ 4 ] [ 1 ] [ 3 ] [ 4 ] [ 6 ] [ 9 ] [ 11 ] [ 7 ] [ 15 ] [ 16 ] [ 10 ]
 [ 2 ] [ 4 ] [ 3 ] [ 3 ] [ 4 ] [ 1 ] [ 1 ] [ 1 ] [ 2 ] [ 6 ] [ 1 ] [ 3 ] [ 6 ] [ 4 ] [ 4 ] [ 8 ] [ 10 ] [ 2 ] [ 1 ] [ 4 ] [ 5 ] [ 6 ] [ 12 ] [ 11 ] [ 2 ] [ 4 ] [ 9 ] [ 4 ] [ 3 ] [ 6 ] [ 13 ] [ 7 ] [ 1 ] [ 5 ] [ 7 ] [ 4 ] [ 6 ] [ 1 ] [ 8 ] [ 2 ] [ 4 ] [ 5 ] [ 8 ] [ 7 ] [ 8 ] [ 3 ] [ 7 ] [ 9 ] [ 6 ] [ 0 ] [ 11 ] [ 12 ] [ 8 ] [ 4 ] [ 1 ] [ 3 ] [ 4 ] [ 14 ] [ 9 ] [ 11 ] [ 7 ] [ 2 ] [ 16 ] [ 10 ]
 [ 2 ] [ 4 ] [ 3 ] [ 3 ] [ 4 ] [ 1 ] [ 1 ] [ 1 ] [ 2 ] [ 6 ] [ 1 ] [ 3 ] [ 6 ] [ 4 ] [ 4 ] [ 8 ] [ 10 ] [ 2 ] [ 1 ] [ 4 ] [ 5 ] [ 6 ] [ 12 ] [ 11 ] [ 2 ] [ 4 ] [ 9 ] [ 4 ] [ 3 ] [ 6 ] [ 13 ] [ 7 ] [ 1 ] [ 5 ] [ 7 ] [ 4 ] [ 6 ] [ 1 ] [ 8 ] [ 2 ] [ 4 ] [ 5 ] [ 8 ] [ 7 ] [ 8 ] [ 3 ] [ 7 ] [ 9 ] [ 6 ] [ 0 ] [ 11 ] [ 12 ] [ 8 ] [ 4 ] [ 1 ] [ 3 ] [ 4 ] [ 14 ] [ 9 ] [ 11 ] [ 7 ] [ 15 ] [ 1 ] [ 10 ]
