(35,8,5),0
(35,8,38),0
(5,8,38),1
(36,38,44),3
(36,38,54),3
(44,38,54),4
(57,52,26),6
(57,52,23),6
(26,52,23),7
(56,11,50),9
(56,11,14),9
(56,11,23),9
(50,11,14),10
(50,11,23),10
(14,11,23),11
(0,19,36),13
(0,19,4),13
(0,19,6),13
(36,19,4),14
(36,19,6),14
(4,19,6),15
(33,21,27),17
(33,21,46),17
(33,21,54),17
(27,21,46),18
(27,21,54),18
(46,21,54),19
(0,62,48),21
(0,62,26),21
(0,62,49),21
(48,62,26),22
(48,62,49),22
(26,62,49),23
(42,5,43),25
(42,5,48),25
(42,5,17),25
(42,5,30),25
(43,5,48),26
(43,5,17),26
(43,5,30),26
(48,5,17),27
(48,5,30),27
(17,5,30),28
(16,7,1),30
(16,7,3),30
(16,7,22),30
(16,7,46),30
(1,7,3),31
(1,7,22),31
(1,7,46),31
(3,7,22),32
(3,7,46),32
(22,7,46),33
(56,15,1),35
(56,15,35),35
(56,15,37),35
(56,15,31),35
(1,15,35),36
(1,15,37),36
(1,15,31),36
(35,15,37),37
(35,15,31),37
(37,15,31),38
(1,56,42),40
(1,56,17),40
(1,56,51),40
(42,56,17),41
(42,56,51),41
(17,56,51),42
(42,16,45),44
(42,16,59),44
(42,16,60),44
(42,16,10),44
(45,16,59),45
(45,16,60),45
(45,16,10),45
(59,16,60),46
(59,16,10),46
(60,16,10),47
(34,23,3),49
(34,23,37),49
(34,23,45),49
(34,23,50),49
(3,23,37),50
(3,23,45),50
(3,23,50),50
(37,23,45),51
(37,23,50),51
(45,23,50),52
(0,3,36),54
(0,3,43),54
(0,3,47),54
(0,3,48),54
(36,3,43),55
(36,3,47),55
(36,3,48),55
(43,3,47),56
(43,3,48),56
(47,3,48),57
(41,24,42),59
(41,24,39),59
(41,24,13),59
(41,24,55),59
(42,24,39),60
(42,24,13),60
(42,24,55),60
(39,24,13),61
(39,24,55),61
(13,24,55),62
(41,28,18),64
(41,28,43),64
(41,28,60),64
(41,28,14),64
(18,28,43),65
(18,28,60),65
(18,28,14),65
(43,28,60),66
(43,28,14),66
(60,28,14),67
(34,41,35),69
(34,41,4),69
(34,41,60),69
(35,41,4),70
(35,41,60),70
(4,41,60),71
(4,33,10),73
(4,33,43),73
(4,33,55),73
(4,33,31),73
(10,33,43),74
(10,33,55),74
(10,33,31),74
(43,33,55),75
(43,33,31),75
(55,33,31),76
(2,50,46),78
(2,50,17),78
(2,50,61),78
(2,50,30),78
(46,50,17),79
(46,50,61),79
(46,50,30),79
(17,50,61),80
(17,50,30),80
(61,50,30),81
(48,17,53),83
(48,17,26),83
(48,17,27),83
(48,17,37),83
(53,17,26),84
(53,17,27),84
(53,17,37),84
(26,17,27),85
(26,17,37),85
(27,17,37),86
(9,27,45),88
(9,27,46),88
(9,27,47),88
(9,27,61),88
(45,27,46),89
(45,27,47),89
(45,27,61),89
(46,27,47),90
(46,27,61),90
(47,27,61),91
(9,30,42),93
(9,30,14),93
(9,30,58),93
(9,30,61),93
(42,30,14),94
(42,30,58),94
(42,30,61),94
(14,30,58),95
(14,30,61),95
(58,30,61),96
(1,37,42),98
(1,37,12),98
(1,37,60),98
(1,37,31),98
(42,37,12),99
(42,37,60),99
(42,37,31),99
(12,37,60),100
(12,37,31),100
(60,37,31),101
(6,1,48),103
(6,1,18),103
(6,1,58),103
(6,1,61),103
(48,1,18),104
(48,1,58),104
(48,1,61),104
(18,1,58),105
(18,1,61),105
(58,1,61),106
(31,45,44),108
(31,45,13),108
(31,45,46),108
(31,45,63),108
(44,45,13),109
(44,45,46),109
(44,45,63),109
(13,45,46),110
(13,45,63),110
(46,45,63),111
(0,46,35),113
(0,46,36),113
(0,46,49),113
(0,46,55),113
(35,46,36),114
(35,46,49),114
(35,46,55),114
(36,46,49),115
(36,46,55),115
(49,46,55),116
(34,35,39),118
(34,35,10),118
(34,35,25),118
(34,35,29),118
(39,35,10),119
(39,35,25),119
(39,35,29),119
(10,35,25),120
(10,35,29),120
(25,35,29),121
(10,47,12),123
(10,47,18),123
(10,47,22),123
(10,47,25),123
(12,47,18),124
(12,47,22),124
(12,47,25),124
(18,47,22),125
(18,47,25),125
(22,47,25),126
(6,10,20),128
(6,10,53),128
(6,10,26),128
(6,10,63),128
(20,10,53),129
(20,10,26),129
(20,10,63),129
(53,10,26),130
(53,10,63),130
(26,10,63),131
(36,48,49),133
(36,48,43),133
(36,48,20),133
(36,48,55),133
(49,48,43),134
(49,48,20),134
(49,48,55),134
(43,48,20),135
(43,48,55),135
(20,48,55),136
(42,49,43),138
(42,49,51),138
(42,49,53),138
(42,49,55),138
(43,49,51),139
(43,49,53),139
(43,49,55),139
(51,49,53),140
(51,49,55),140
(53,49,55),141
(2,42,4),143
(2,42,39),143
(2,42,40),143
(2,42,13),143
(4,42,39),144
(4,42,40),144
(4,42,13),144
(39,42,40),145
(39,42,13),145
(40,42,13),146
(34,39,9),148
(34,39,53),148
(34,39,54),148
(34,39,59),148
(9,39,53),149
(9,39,54),149
(9,39,59),149
(53,39,54),150
(53,39,59),150
(54,39,59),151
(55,34,13),153
(55,34,9),153
(55,34,54),153
(55,34,31),153
(13,34,9),154
(13,34,54),154
(13,34,31),154
(9,34,54),155
(9,34,31),155
(54,34,31),156
(4,55,44),158
(4,55,2),158
(4,55,31),158
(44,55,2),159
(44,55,31),159
(2,55,31),160
(0,2,22),162
(0,2,59),162
(0,2,29),162
(0,2,31),162
(22,2,59),163
(22,2,29),163
(22,2,31),163
(59,2,29),164
(59,2,31),164
(29,2,31),165
(0,4,13),167
(0,4,53),167
(0,4,57),167
(0,4,58),167
(13,4,53),168
(13,4,57),168
(13,4,58),168
(53,4,57),169
(53,4,58),169
(57,4,58),170
(32,58,40),172
(32,58,18),172
(32,58,60),172
(40,58,18),173
(40,58,60),173
(18,58,60),174
(32,13,6),176
(32,13,43),176
(32,13,14),176
(32,13,20),176
(6,13,43),177
(6,13,14),177
(6,13,20),177
(43,13,14),178
(43,13,20),178
(14,13,20),179
(0,43,14),181
(0,43,18),181
(0,43,59),181
(14,43,18),182
(14,43,59),182
(18,43,59),183
(0,14,32),185
(0,14,20),185
(0,14,57),185
(32,14,20),186
(32,14,57),186
(20,14,57),187
(40,32,51),189
(40,32,57),189
(40,32,61),189
(51,32,57),190
(51,32,61),190
(57,32,61),191
(54,57,26),193
(54,57,63),193
(26,57,63),194
(36,54,12),196
(36,54,59),196
(36,54,29),196
(12,54,59),197
(12,54,29),197
(59,54,29),198
(18,63,22),200
(18,63,59),200
(18,63,31),200
(22,63,59),201
(22,63,31),201
(59,63,31),202
(0,59,22),204
(0,59,31),204
(22,59,31),205
(36,22,44),207
(36,22,12),207
(44,22,12),208
(9,31,12),210
(9,31,20),210
(12,31,20),211
(6,36,44),213
(6,36,20),213
(6,36,25),213
(44,36,20),214
(44,36,25),214
(20,36,25),215
(0,44,9),217
(0,44,18),217
(9,44,18),218
(12,0,60),220
(12,0,29),220
(12,0,53),220
(60,0,29),221
(60,0,53),221
(29,0,53),222
(9,12,18),224
(9,12,20),224
(18,12,20),225
(6,9,25),227
(6,9,29),227
(25,9,29),228
(51,18,53),230
(51,18,61),230
(53,18,61),231
(40,20,51),233
(40,20,53),233
(51,20,53),234
(40,51,26),236
(40,51,29),236
(26,51,29),237
(6,53,40),239
(6,53,25),239
(40,53,25),240
(25,29,26),242
(25,29,60),242
(26,29,60),243
(6,25,40),245
(6,25,60),245
(40,25,60),246
(61,60,26),248
(6,40,61),250
(6,40,26),250
(61,40,26),251
(6,26,61),253
