Forbidden  Turns
(40,28,58),0
(40,28,59),0
(40,28,15),0
(58,28,59),0
(58,28,15),0
(59,28,15),0
(24,29,35),1
(24,29,11),1
(24,29,4),1
(35,29,11),1
(35,29,4),1
(11,29,4),1
(8,11,34),2
(8,11,7),2
(8,11,63),2
(34,11,7),2
(34,11,63),2
(7,11,63),2
(41,31,44),3
(41,31,4),3
(41,31,23),3
(44,31,4),3
(44,31,23),3
(4,31,23),3
(8,56,1),4
(8,56,54),4
(8,56,6),4
(1,56,54),4
(1,56,6),4
(54,56,6),4
(34,6,47),5
(34,6,14),5
(34,6,23),5
(47,6,14),5
(47,6,23),5
(14,6,23),5
(2,14,39),6
(2,14,40),6
(2,14,12),6
(2,14,53),6
(39,14,40),6
(39,14,12),6
(39,14,53),6
(40,14,12),6
(40,14,53),6
(12,14,53),6
(25,19,34),7
(25,19,12),7
(25,19,21),7
(25,19,55),7
(34,19,12),7
(34,19,21),7
(34,19,55),7
(12,19,21),7
(12,19,55),7
(21,19,55),7
(16,20,58),8
(16,20,39),8
(16,20,60),8
(16,20,55),8
(58,20,39),8
(58,20,60),8
(58,20,55),8
(39,20,60),8
(39,20,55),8
(60,20,55),8
(1,21,2),9
(1,21,37),9
(1,21,7),9
(1,21,43),9
(2,21,37),9
(2,21,7),9
(2,21,43),9
(37,21,7),9
(37,21,43),9
(7,21,43),9
(48,37,58),10
(48,37,13),10
(48,37,47),10
(58,37,13),10
(58,37,47),10
(13,37,47),10
(36,13,7),11
(36,13,47),11
(36,13,26),11
(36,13,60),11
(7,13,47),11
(7,13,26),11
(7,13,60),11
(47,13,26),11
(47,13,60),11
(26,13,60),11
(40,23,9),12
(40,23,15),12
(40,23,60),12
(40,23,62),12
(9,23,15),12
(9,23,60),12
(9,23,62),12
(15,23,60),12
(15,23,62),12
(60,23,62),12
(32,36,8),13
(32,36,43),13
(32,36,12),13
(32,36,59),13
(8,36,43),13
(8,36,12),13
(8,36,59),13
(43,36,12),13
(43,36,59),13
(12,36,59),13
(8,44,41),14
(8,44,10),14
(8,44,49),14
(8,44,24),14
(41,44,10),14
(41,44,49),14
(41,44,24),14
(10,44,49),14
(10,44,24),14
(49,44,24),14
(0,8,3),15
(0,8,9),15
(0,8,22),15
(0,8,55),15
(3,8,9),15
(3,8,22),15
(3,8,55),15
(9,8,22),15
(9,8,55),15
(22,8,55),15
(45,9,51),16
(45,9,57),16
(45,9,58),16
(45,9,61),16
(51,9,57),16
(51,9,58),16
(51,9,61),16
(57,9,58),16
(57,9,61),16
(58,9,61),16
(0,45,49),17
(0,45,2),17
(0,45,17),17
(49,45,2),17
(49,45,17),17
(2,45,17),17
(4,51,5),18
(4,51,39),18
(4,51,46),18
(4,51,58),18
(5,51,39),18
(5,51,46),18
(5,51,58),18
(39,51,46),18
(39,51,58),18
(46,51,58),18
(33,39,18),19
(33,39,47),19
(33,39,50),19
(33,39,62),19
(18,39,47),19
(18,39,50),19
(18,39,62),19
(47,39,50),19
(47,39,62),19
(50,39,62),19
(34,18,3),20
(34,18,42),20
(34,18,60),20
(34,18,62),20
(3,18,42),20
(3,18,60),20
(3,18,62),20
(42,18,60),20
(42,18,62),20
(60,18,62),20
(40,60,54),21
(40,60,24),21
(40,60,63),21
(54,60,24),21
(54,60,63),21
(24,60,63),21
(3,34,10),22
(3,34,46),22
(3,34,25),22
(3,34,30),22
(10,34,46),22
(10,34,25),22
(10,34,30),22
(46,34,25),22
(46,34,30),22
(25,34,30),22
(3,46,15),23
(3,46,24),23
(3,46,58),23
(15,46,24),23
(15,46,58),23
(24,46,58),23
(10,3,47),24
(10,3,24),24
(10,3,61),24
(10,3,30),24
(47,3,24),24
(47,3,61),24
(47,3,30),24
(24,3,61),24
(24,3,30),24
(61,3,30),24
(10,15,43),25
(10,15,30),25
(10,15,24),25
(10,15,62),25
(43,15,30),25
(43,15,24),25
(43,15,62),25
(30,15,24),25
(30,15,62),25
(24,15,62),25
(10,24,17),26
(10,24,50),26
(10,24,54),26
(10,24,58),26
(17,24,50),26
(17,24,54),26
(17,24,58),26
(50,24,54),26
(50,24,58),26
(54,24,58),26
(7,25,12),27
(7,25,54),27
(7,25,55),27
(7,25,27),27
(12,25,54),27
(12,25,55),27
(12,25,27),27
(54,25,55),27
(54,25,27),27
(55,25,27),27
(0,42,10),28
(0,42,47),28
(0,42,48),28
(0,42,59),28
(10,42,47),28
(10,42,48),28
(10,42,59),28
(47,42,48),28
(47,42,59),28
(48,42,59),28
(33,10,5),29
(33,10,43),29
(33,10,17),29
(33,10,53),29
(5,10,43),29
(5,10,17),29
(5,10,53),29
(43,10,17),29
(43,10,53),29
(17,10,53),29
(2,55,17),30
(2,55,54),30
(2,55,57),30
(2,55,61),30
(17,55,54),30
(17,55,57),30
(17,55,61),30
(54,55,57),30
(54,55,61),30
(57,55,61),30
(32,57,4),31
(32,57,16),31
(32,57,27),31
(4,57,16),31
(4,57,27),31
(16,57,27),31
(47,61,49),32
(47,61,35),32
(47,61,54),32
(49,61,35),32
(49,61,54),32
(35,61,54),32
(32,4,2),33
(32,4,43),33
(32,4,50),33
(32,4,62),33
(2,4,43),33
(2,4,50),33
(2,4,62),33
(43,4,50),33
(43,4,62),33
(50,4,62),33
(0,62,1),34
(0,62,54),34
(0,62,27),34
(1,62,54),34
(1,62,27),34
(54,62,27),34
(2,1,12),35
(2,1,17),35
(2,1,26),35
(2,1,58),35
(12,1,17),35
(12,1,26),35
(12,1,58),35
(17,1,26),35
(17,1,58),35
(26,1,58),35
(54,58,40),36
(54,58,12),36
(54,58,22),36
(40,58,12),36
(40,58,22),36
(12,58,22),36
(32,12,2),37
(32,12,47),37
(32,12,16),37
(2,12,47),37
(2,12,16),37
(47,12,16),37
(0,2,41),38
(0,2,50),38
(0,2,26),38
(41,2,50),38
(41,2,26),38
(50,2,26),38
(38,0,16),39
(38,0,49),39
(38,0,27),39
(38,0,63),39
(16,0,49),39
(16,0,27),39
(16,0,63),39
(49,0,27),39
(49,0,63),39
(27,0,63),39
(33,27,16),40
(33,27,48),40
(33,27,52),40
(16,27,48),40
(16,27,52),40
(48,27,52),40
(33,17,7),41
(33,17,16),41
(33,17,54),41
(33,17,63),41
(7,17,16),41
(7,17,54),41
(7,17,63),41
(16,17,54),41
(16,17,63),41
(54,17,63),41
(35,54,38),42
(35,54,7),42
(35,54,16),42
(38,54,7),42
(38,54,16),42
(7,54,16),42
(48,63,49),43
(48,63,22),43
(48,63,59),43
(49,63,22),43
(49,63,59),43
(22,63,59),43
(41,48,50),44
(41,48,22),44
(41,48,5),44
(50,48,22),44
(50,48,5),44
(22,48,5),44
(16,22,35),45
(16,22,47),45
(16,22,59),45
(35,22,47),45
(35,22,59),45
(47,22,59),45
(32,16,40),46
(32,16,50),46
(32,16,53),46
(40,16,50),46
(40,16,53),46
(50,16,53),46
(33,32,35),47
(33,32,43),47
(33,32,30),47
(35,32,43),47
(35,32,30),47
(43,32,30),47
(5,33,41),48
(5,33,47),48
(5,33,30),48
(41,33,47),48
(41,33,30),48
(47,33,30),48
(38,40,7),49
(38,40,50),49
(38,40,41),49
(7,40,50),49
(7,40,41),49
(50,40,41),49
(52,41,53),50
(52,41,26),50
(53,41,26),50
(5,38,7),51
(5,38,47),51
(5,38,30),51
(7,38,47),51
(7,38,30),51
(47,38,30),51
(5,7,49),52
(5,7,59),52
(49,7,59),52
(35,5,47),53
(35,5,26),53
(47,5,26),53
(50,47,53),54
(49,50,26),55
(49,50,59),55
(26,50,59),55
(59,26,30),56
(43,49,52),58
(35,43,52),59
(35,43,53),59
(52,43,53),59
(35,52,30),60
(53,35,30),61
